Date,Open,High,Low,Close,Adj_Close,Volume,Empty_col_H,MA_Price_200_day,MA_Price_50_day,MA_Price_20_day,MA_Price_10_day,MA_Volume_50_day
01/02/2023
12/30/2022
12/29/2022
12/28/2022
12/27/2022
12/23/2022
12/22/2022
12/21/2022
12/20/2022
12/19/2022
12/16/2022
12/15/2022
12/14/2022
12/13/2022
12/12/2022
12/09/2022
12/08/2022
12/07/2022
12/06/2022
12/05/2022
12/02/2022
12/01/2022
11/30/2022
11/29/2022
11/28/2022
11/25/2022
11/23/2022
11/22/2022
11/21/2022
11/18/2022
11/17/2022
11/16/2022
11/15/2022
11/14/2022
11/11/2022
11/10/2022
11/09/2022
11/08/2022
11/07/2022
11/04/2022
11/03/2022
11/02/2022
11/01/2022
10/31/2022
10/28/2022
10/27/2022
10/26/2022
10/25/2022
10/24/2022
10/21/2022
10/20/2022
10/19/2022
10/18/2022
10/17/2022
10/14/2022
10/13/2022
10/12/2022
10/11/2022
10/10/2022
10/07/2022
10/06/2022
10/05/2022
10/04/2022
10/03/2022
09/30/2022
09/29/2022
09/28/2022
09/27/2022
09/26/2022
09/23/2022
09/22/2022
09/21/2022
09/20/2022
09/19/2022
09/16/2022
09/15/2022
09/14/2022
09/13/2022
09/12/2022
09/09/2022
09/08/2022
09/07/2022
09/06/2022
09/02/2022
09/01/2022
08/31/2022
08/30/2022
08/29/2022
08/26/2022
08/25/2022
08/24/2022
08/23/2022
08/22/2022
08/19/2022
08/18/2022
08/17/2022
08/16/2022
08/15/2022
08/12/2022
08/11/2022
08/10/2022
08/09/2022
08/08/2022
08/05/2022
08/04/2022
08/03/2022
08/02/2022
08/01/2022
07/29/2022
07/28/2022
07/27/2022
07/26/2022
07/25/2022
07/22/2022
07/21/2022
07/20/2022
07/19/2022
07/18/2022
07/15/2022
07/14/2022
07/13/2022
07/12/2022
07/11/2022
07/08/2022
07/07/2022
07/06/2022
07/05/2022
07/01/2022
06/30/2022
06/29/2022
06/28/2022
06/27/2022
06/24/2022
06/23/2022
06/22/2022
06/21/2022
06/20/2022
06/17/2022
06/16/2022
06/15/2022
06/14/2022
06/13/2022
06/10/2022
06/09/2022
06/08/2022
06/07/2022
06/06/2022
06/03/2022
06/02/2022
06/01/2022
05/31/2022
05/27/2022
05/26/2022
05/25/2022
05/24/2022
05/23/2022
05/20/2022
05/19/2022
05/18/2022
05/17/2022
05/16/2022
05/13/2022
05/12/2022
05/11/2022
05/10/2022
05/09/2022
05/06/2022
05/05/2022
05/04/2022
05/03/2022
05/02/2022
04/29/2022
04/28/2022
04/27/2022
04/26/2022
04/25/2022
04/22/2022
04/21/2022
04/20/2022
04/19/2022
04/18/2022
04/14/2022
04/13/2022
04/12/2022
04/11/2022
04/08/2022
04/07/2022
04/06/2022
04/05/2022
04/04/2022
04/01/2022
03/31/2022
03/30/2022
03/29/2022
03/28/2022
03/25/2022
03/24/2022
03/23/2022
03/22/2022
03/21/2022
03/18/2022
03/17/2022
03/16/2022
03/15/2022
03/14/2022
03/11/2022
03/10/2022
03/09/2022
03/08/2022
03/07/2022
03/04/2022
03/03/2022
03/02/2022
03/01/2022
02/28/2022
02/25/2022
02/24/2022
02/23/2022
02/22/2022
02/18/2022
02/17/2022
02/16/2022
02/15/2022
02/14/2022
02/11/2022
02/10/2022
02/09/2022
02/08/2022
02/07/2022
02/04/2022
02/03/2022
02/02/2022
02/01/2022
01/31/2022
01/28/2022
01/27/2022
01/26/2022
01/25/2022
01/24/2022
01/21/2022
01/20/2022
01/19/2022
01/18/2022
01/14/2022
01/13/2022
01/12/2022
01/11/2022
01/10/2022
01/07/2022
01/06/2022
01/05/2022
01/04/2022
01/03/2022
12/31/2021
12/30/2021
12/29/2021
12/28/2021
12/27/2021
12/23/2021
12/22/2021
12/21/2021
12/20/2021
12/17/2021
12/16/2021
12/15/2021
12/14/2021
12/13/2021
12/10/2021
12/09/2021
12/08/2021
12/07/2021
12/06/2021
12/03/2021
12/02/2021
12/01/2021
11/30/2021
11/29/2021
11/26/2021
11/24/2021
11/23/2021
11/22/2021
11/19/2021
11/18/2021
11/17/2021
11/16/2021
11/15/2021
11/12/2021
11/11/2021
11/10/2021
11/09/2021
11/08/2021
11/05/2021
11/04/2021
11/03/2021
11/02/2021
11/01/2021
10/29/2021
10/28/2021
10/27/2021
10/26/2021
10/25/2021
10/22/2021
10/21/2021
10/20/2021
10/19/2021
10/18/2021
10/15/2021
10/14/2021
10/13/2021
10/12/2021
10/11/2021
10/08/2021
10/07/2021
10/06/2021
10/05/2021
10/04/2021
10/01/2021
09/30/2021
09/29/2021
09/28/2021
09/27/2021
09/24/2021
09/23/2021
09/22/2021
09/21/2021
09/20/2021
09/17/2021
09/16/2021
09/15/2021
09/14/2021
09/13/2021
09/10/2021
09/09/2021
09/08/2021
09/07/2021
09/03/2021
09/02/2021
09/01/2021
08/31/2021
08/30/2021
08/27/2021
08/26/2021
08/25/2021
08/24/2021
08/23/2021
08/20/2021
08/19/2021
08/18/2021
08/17/2021
08/16/2021
08/13/2021
08/12/2021
08/11/2021
08/10/2021
08/09/2021
08/06/2021
08/05/2021
08/04/2021
08/03/2021
08/02/2021
07/30/2021
07/29/2021
07/28/2021
07/27/2021
07/26/2021
07/23/2021
07/22/2021
07/21/2021
07/20/2021
07/19/2021
07/16/2021
07/15/2021
07/14/2021
07/13/2021
07/12/2021
07/09/2021,738.309998,745.679993,737.989990,742.364990,742.364990,291203,-,646.988674,695.801697,711.479242,729.305493,854686.06
07/08/2021,736.210022,749.309998,736.210022,743.500000,743.500000,739100,-,646.442099,694.008796,708.506491,726.222992,860208.00
07/07/2021,733.039978,743.510010,729.909973,742.369995,742.369995,588600,-,645.796299,692.209197,705.154990,721.801990,855254.00
07/06/2021,729.909973,735.909973,721.760010,729.539978,729.539978,615000,-,645.210699,690.413197,701.931989,718.263989,856098.00
07/02/2021,725.559998,733.619995,723.710022,731.919983,731.919983,509900,-,644.664549,688.973197,699.482990,714.790991,857966.00
07/01/2021,721.520020,727.969971,720.469971,721.799988,721.799988,834500,-,644.155299,687.488397,697.019492,710.158990,867590.00
06/30/2021,717.469971,723.460022,715.750000,721.450012,721.450012,897600,-,643.659049,686.110398,694.711493,707.083990,864220.00
06/29/2021,719.340027,722.400024,716.849976,717.460022,717.460022,1135000,-,643.100299,684.730598,692.761493,703.145990,866654.00
06/28/2021,723.260010,726.659973,716.710022,721.359985,721.359985,1014700,-,642.520599,683.269797,691.332993,700.182990,861918.00
06/25/2021,712.590027,722.099976,711.280029,721.289978,721.289978,1153000,-,641.934099,681.729998,689.991495,697.107990,862488.00
06/24/2021,702.890015,713.390015,700.200012,711.539978,711.539978,668300,-,641.394050,680.024198,688.549496,693.652991,857656.00
06/23/2021,704.840027,707.150024,697.109985,699.289978,699.289978,735000,-,640.818850,678.135398,687.647498,690.789990,861076.00
06/22/2021,694.669983,709.750000,692.140015,706.989990,706.989990,786200,-,640.342500,676.575398,687.458499,688.507990,861114.00
06/21/2021,688.900024,696.200012,683.619995,694.809998,694.809998,1168600,-,639.848050,674.821598,687.265500,685.599988,859302.00
06/18/2021,685.590027,691.380005,678.000000,685.599976,685.599976,1969300,-,639.486250,673.210198,687.151001,684.174988,856730.00
06/17/2021,687.299988,699.510010,684.219971,691.049988,691.049988,846900,-,639.144450,671.801398,687.606503,683.879993,834044.00
06/16/2021,690.780029,693.760010,676.080017,682.070007,682.070007,812200,-,638.767250,670.212998,687.036505,682.338995,829996.00
06/15/2021,691.880005,695.190002,686.760010,687.830017,687.830017,626600,-,638.435100,668.839398,687.238504,682.376996,831240.00
06/14/2021,687.229980,691.609985,681.359985,690.609985,690.609985,731600,-,638.067400,667.192798,687.189502,682.482996,847570.00
06/11/2021,682.799988,689.099976,680.590027,686.739990,686.739990,708400,-,637.687150,665.552198,688.179004,682.875000,865900.00
06/10/2021,676.789978,689.260010,676.030029,682.909973,682.909973,986800,-,637.302200,664.157799,688.107004,683.446002,878300.00
06/09/2021,679.940002,683.460022,675.020020,676.469971,676.469971,588600,-,636.950300,663.153400,688.060504,684.505005,871570.00
06/08/2021,681.859985,683.799988,672.309998,677.909973,677.909973,561500,-,636.637751,662.357600,688.491507,686.409009,877582.00
06/07/2021,679.130005,686.070007,677.929993,680.559998,680.559998,600700,-,636.310901,661.434401,689.332007,688.931012,891870.00
06/04/2021,677.169983,685.280029,675.789978,682.650024,682.650024,449700,-,635.966400,660.579000,689.976007,690.127014,900344.00
06/03/2021,679.039978,680.460022,670.239990,675.640015,675.640015,949800,-,635.606600,659.957200,689.633005,691.333014,914096.00
06/02/2021,690.820007,690.820007,681.000000,682.450012,682.450012,666500,-,635.253250,659.353400,689.538504,691.734015,920530.00
06/01/2021,697.530029,699.549988,686.909973,688.890015,688.890015,623800,-,634.865950,658.456799,689.059003,692.100012,930392.00
05/28/2021,698.929993,701.950012,692.340027,694.530029,694.530029,563700,-,634.442600,657.273799,688.480002,691.896008,973452.00
05/27/2021,693.890015,697.099976,688.780029,692.450012,692.450012,1056900,-,633.963650,655.970999,687.426001,693.483008,993190.00
05/26/2021,697.969971,701.500000,688.320007,693.500000,693.500000,895200,-,633.453799,654.959198,686.301999,692.768005,996096.00
05/25/2021,702.119995,706.219971,694.719971,695.510010,695.510010,838000,-,632.998000,653.882198,684.262997,691.616003,1001148.00
05/24/2021,700.289978,707.440002,692.130005,703.130005,703.130005,888000,-,632.529799,652.471998,682.163498,690.574005,1007376.00
05/21/2021,691.599976,699.109985,688.169983,692.520020,692.520020,761100,-,632.024850,650.892399,679.635498,689.733002,1017820.00
05/20/2021,678.570007,698.400024,677.330017,694.710022,694.710022,789100,-,631.553549,649.526598,677.886496,689.825000,1031428.00
05/19/2021,672.520020,680.630005,669.549988,679.650024,679.650024,793300,-,631.080049,648.213798,676.034995,687.932996,1045092.00
05/18/2021,679.460022,690.450012,670.590027,686.109985,686.109985,1515800,-,630.630299,646.916198,674.697495,687.342993,1049676.00
05/17/2021,708.900024,709.909973,676.530029,686.849976,686.849976,1097200,-,630.099749,645.441598,673.014996,686.017993,1041838.00
05/14/2021,691.179993,712.409973,685.130005,710.400024,710.400024,1089900,-,629.482700,644.185199,670.893497,685.063995,1050160.00
05/13/2021,686.059998,694.969971,683.049988,685.299988,685.299988,839900,-,628.762799,642.129999,667.591995,681.368994,1058368.00
05/12/2021,675.330017,686.169983,675.250000,681.979980,681.979980,1346000,-,628.143349,640.444399,665.126996,679.835992,1077280.00
05/11/2021,694.530029,698.979980,684.260010,685.090027,685.090027,660600,-,627.532999,639.126200,661.882996,676.909991,1070056.00
05/10/2021,696.419983,704.099976,692.690002,694.719971,694.719971,1056000,-,626.916149,637.817999,658.692993,673.752991,1074750.00
05/07/2021,681.570007,696.000000,679.690002,693.440002,693.440002,718900,-,626.244649,636.192000,654.921994,669.537994,1086018.00
05/06/2021,677.580017,682.859985,672.820007,675.789978,675.789978,559400,-,625.603049,634.354199,650.961993,665.947992,1098818.00
05/05/2021,674.890015,680.000000,671.929993,673.750000,673.750000,712400,-,625.047499,633.008600,647.930493,664.136993,1111652.00
05/04/2021,672.000000,681.979980,670.679993,672.859985,672.859985,831900,-,624.506299,631.589000,644.824493,662.051996,1134446.00
05/03/2021,679.099976,684.700012,673.940002,677.309998,677.309998,796800,-,623.965299,630.061801,641.850995,660.012000,1152696.00
04/30/2021,654.090027,683.049988,636.559998,673.450012,673.450012,1377500,-,623.368899,628.661400,638.260495,656.722998,1160622.00
04/29/2021,658.210022,675.440002,656.320007,669.969971,669.969971,1287600,-,622.761699,627.520800,635.016995,653.814996,1148290.00
04/28/2021,651.929993,658.820007,650.630005,652.719971,652.719971,567300,-,622.126599,626.603800,632.369498,650.417999,1141132.00
04/27/2021,652.909973,658.190002,650.469971,653.520020,653.520020,491400,-,621.531900,625.918800,631.367999,646.856000,1147976.00
04/26/2021,655.309998,659.059998,650.169983,652.570007,652.570007,630800,-,620.953900,625.117400,630.525998,643.632996,1150626.00
04/23/2021,660.219971,661.000000,648.750000,657.539978,657.539978,708400,-,620.342000,624.439600,629.484998,640.305994,1154594.00
04/22/2021,655.750000,660.599976,653.599976,657.679993,657.679993,991100,-,619.695850,623.521400,628.497498,635.975995,1161156.00
04/21/2021,652.369995,657.780029,648.109985,652.900024,652.900024,666000,-,619.047550,622.758000,628.191498,631.723993,1158062.00
04/20/2021,637.659973,657.349976,637.659973,652.460022,652.460022,1019300,-,618.414500,622.010601,627.818997,627.596991,1163898.00
04/19/2021,644.000000,653.419983,642.979980,644.419983,644.419983,898200,-,617.740649,621.314401,627.076996,623.689990,1159508.00
04/16/2021,636.909973,645.950012,631.590027,644.369995,644.369995,1043200,-,617.128099,620.821801,626.342996,619.797992,1158358.00
04/15/2021,622.989990,637.099976,621.469971,636.000000,636.000000,911400,-,616.456449,620.119601,625.593997,616.218994,1156090.00
04/14/2021,620.619995,623.169983,614.549988,617.099976,617.099976,839300,-,615.822549,619.733601,625.886996,614.320996,1168486.00
04/13/2021,615.219971,623.719971,614.500000,621.289978,621.289978,736900,-,615.248400,619.372002,627.014499,615.879999,1181012.00
04/12/2021,612.340027,622.640015,608.070007,619.299988,619.299988,695600,-,614.692050,619.097402,627.200000,617.419000,1214146.00
04/09/2021,606.380005,615.969971,600.679993,614.239990,614.239990,1040000,-,614.135500,619.804403,627.442502,618.664001,1235712.00
04/08/2021,616.650024,617.849976,612.320007,615.159973,615.159973,835000,-,613.669500,619.835204,627.942001,621.019000,1253302.00
04/07/2021,614.510010,616.330017,607.840027,611.630005,611.630005,644500,-,613.232050,620.522804,628.637503,624.659003,1254472.00
04/06/2021,603.460022,616.989990,600.530029,613.390015,613.390015,874400,-,612.857249,621.333604,628.794504,628.041003,1259350.00
04/05/2021,607.479980,611.169983,600.159973,605.500000,605.500000,1443100,-,612.465849,621.999603,628.744003,630.464001,1255844.00
04/01/2021,618.000000,622.409973,605.659973,608.580017,608.580017,1648100,-,612.109499,622.898203,629.670505,632.888000,1242356.00
03/31/2021,632.900024,632.909973,614.690002,617.020020,617.020020,1328400,-,611.728849,623.583003,629.623505,634.969000,1228262.00
03/30/2021,636.169983,640.840027,628.349976,632.690002,632.690002,650300,-,611.273849,623.908003,628.823505,637.452997,1222734.00
03/29/2021,630.000000,639.590027,622.059998,636.679993,636.679993,889200,-,610.723249,623.832402,627.992505,638.148999,1232736.00
03/26/2021,636.729980,639.030029,621.559998,631.750000,631.750000,1275900,-,610.125699,623.560603,627.142505,636.981000,1244642.00
03/25/2021,652.030029,652.030029,631.020020,637.789978,637.789978,1024400,-,609.635999,623.285803,626.226004,636.221002,1240930.00
03/24/2021,647.450012,657.840027,642.809998,651.559998,651.559998,1137300,-,609.104899,622.959803,624.414005,634.865002,1254354.00
03/23/2021,639.809998,656.650024,636.880005,645.450012,645.450012,1271500,-,608.548899,622.751204,622.261505,632.616003,1253264.00
03/22/2021,627.640015,643.960022,627.640015,637.619995,637.619995,1159600,-,607.975249,622.529803,620.127505,629.548004,1248856.00
03/19/2021,632.809998,636.859985,626.840027,629.739990,629.739990,2776800,-,607.487299,622.372804,618.071506,627.024005,1250854.00
03/18/2021,628.280029,635.419983,617.309998,629.390015,629.390015,1550600,-,607.075099,622.268204,616.949005,626.453009,1225146.00
03/17/2021,643.789978,644.229980,633.840027,641.859985,641.859985,1202200,-,606.654249,622.412205,616.300504,624.278009,1210986.00
03/16/2021,629.619995,643.510010,625.619995,639.650024,639.650024,1147800,-,606.151449,622.515605,615.413504,620.194012,1210646.00
03/15/2021,624.419983,625.849976,612.020020,625.000000,625.000000,1149400,-,605.673199,622.953605,614.354501,617.836011,1201680.00
03/12/2021,618.989990,629.210022,611.380005,624.150024,624.150024,1410200,-,605.221549,623.523405,613.777002,617.304010,1196000.00
03/11/2021,626.330017,630.669983,613.000000,624.229980,624.229980,1441500,-,604.726349,624.340004,613.503500,616.231006,1193816.00
03/10/2021,625.440002,639.280029,618.960022,629.070007,629.070007,1472300,-,604.154449,624.893405,612.873502,613.963007,1180482.00
03/09/2021,620.349976,620.349976,610.979980,614.770020,614.770020,1022500,-,603.573599,625.441804,612.395502,611.907007,1173582.00
03/08/2021,621.739990,630.200012,611.570007,612.380005,612.380005,1123900,-,603.084549,626.095204,612.433502,610.707007,1184948.00
03/05/2021,614.000000,629.700012,609.659973,624.030029,624.030029,1513300,-,602.586649,626.669603,612.697003,609.119006,1187866.00
03/04/2021,599.000000,618.659973,598.010010,607.640015,607.640015,1500300,-,602.068699,627.282803,612.485001,607.445001,1175464.00
03/03/2021,612.010010,613.719971,599.900024,601.020020,601.020020,1785500,-,601.619448,628.170002,612.566000,608.322998,1190536.00
03/02/2021,622.409973,624.500000,611.250000,616.070007,616.070007,984800,-,601.131298,629.229202,613.350000,610.632996,1192920.00
03/01/2021,618.390015,624.070007,610.010010,619.679993,619.679993,895300,-,600.538148,629.756401,612.497501,610.872992,1198902.00
02/26/2021,602.489990,627.380005,601.500000,613.419983,613.419983,1619400,-,599.931248,630.288402,611.891501,610.249994,1201688.00
02/25/2021,605.820007,618.119995,598.969971,601.549988,601.549988,1358900,-,599.373798,631.013402,613.953003,610.775995,1194992.00
02/24/2021,590.440002,614.729980,590.440002,608.510010,608.510010,1201100,-,598.919748,632.017603,614.664505,611.783997,1187594.00
02/23/2021,602.799988,609.270020,585.450012,602.770020,602.770020,1852100,-,598.453598,633.008202,616.716003,612.883997,1181174.00
02/22/2021,602.299988,609.880005,595.000000,596.500000,596.500000,1744400,-,598.010998,633.834402,619.186002,614.159998,1180394.00
02/19/2021,613.429993,619.530029,606.539978,607.289978,607.289978,1193100,-,597.548298,635.171802,621.695502,616.275000,1165924.00
02/18/2021,625.059998,625.059998,612.710022,616.419983,616.419983,760900,-,597.079048,636.641202,623.852502,617.525000,1159682.00
02/17/2021,615.700012,626.950012,614.440002,624.119995,624.119995,929700,-,596.575598,637.727603,625.172504,616.809003,1158182.00
02/16/2021,609.190002,619.020020,606.250000,618.469971,618.469971,909500,-,596.003199,638.653802,625.630005,616.067004,1156032.00
02/12/2021,615.929993,619.549988,610.650024,613.450012,613.450012,623900,-,595.386999,639.627803,626.152005,614.122009,1154254.00
02/11/2021,614.200012,619.159973,603.530029,618.679993,618.679993,829200,-,594.793099,640.603802,626.634006,613.533008,1165318.00
02/10/2021,623.359985,623.359985,608.109985,611.630005,611.630005,1036500,-,594.185499,641.270002,626.600507,617.130011,1172308.00
02/09/2021,616.340027,626.630005,613.799988,619.510010,619.510010,836400,-,593.669549,641.893402,627.093506,617.545013,1162966.00
02/08/2021,616.630005,619.690002,610.869995,615.530029,615.530029,957800,-,593.114749,642.531202,628.174506,620.548010,1159860.00
02/05/2021,621.030029,628.299988,615.119995,617.650024,617.650024,799800,-,592.532699,643.229402,629.117004,624.212006,1162196.00
02/04/2021,604.979980,621.289978,604.979980,619.789978,619.789978,840700,-,591.924848,643.777201,629.723004,627.116003,1176570.00
02/03/2021,616.650024,617.030029,603.320007,609.260010,609.260010,929800,-,591.279798,644.489601,629.959006,630.180005,1183030.00
02/02/2021,597.690002,625.309998,595.909973,616.700012,616.700012,1531200,-,590.726848,645.315200,631.325507,633.536005,1190204.00
02/01/2021,611.010010,614.130005,593.099976,599.020020,599.020020,1465600,-,590.140448,645.830000,632.842007,635.193005,1192688.00
01/29/2021,626.010010,636.030029,604.090027,607.559998,607.559998,2393600,-,589.627098,646.679800,635.968506,638.182001,1175806.00
01/28/2021,638.099976,671.000000,635.080017,654.650024,654.650024,1773900,-,589.070898,647.356799,638.265005,639.735004,1149260.00
01/27/2021,643.929993,651.919983,615.109985,615.780029,615.780029,1919500,-,588.245498,647.207599,638.781503,636.071002,1128932.00
01/26/2021,651.630005,654.760010,647.020020,649.539978,649.539978,893500,-,587.515098,647.651199,640.587503,636.641998,1103542.00
01/25/2021,649.640015,660.299988,647.840027,652.169983,652.169983,888400,-,586.600598,647.398799,640.935004,635.801001,1099858.00
01/22/2021,649.450012,651.890015,642.770020,646.690002,646.690002,699100,-,585.659398,646.892999,640.698505,634.022003,1103184.00
01/21/2021,643.330017,651.890015,639.789978,650.429993,650.429993,768700,-,584.684698,646.223199,640.419003,632.330005,1121856.00
01/20/2021,633.390015,648.309998,631.960022,642.820007,642.820007,943400,-,583.730298,646.104399,640.632004,629.738007,1120342.00
01/19/2021,628.109985,633.950012,623.369995,633.270020,633.270020,1052000,-,582.685198,646.195199,641.091003,629.115009,1121626.00
01/15/2021,620.250000,634.080017,617.020020,628.909973,628.909973,1150400,-,581.697148,646.219198,642.126501,630.491010,1139394.00
01/14/2021,616.479980,630.409973,610.890015,623.090027,623.090027,1484500,-,580.672748,645.480798,642.802502,633.755011,1139844.00
01/13/2021,619.070007,623.039978,614.869995,618.010010,618.010010,1090300,-,579.738848,644.787598,643.962003,636.795007,1135518.00
01/12/2021,636.119995,639.770020,618.489990,621.489990,621.489990,1695600,-,578.902698,644.503798,645.545001,641.492004,1162834.00
01/11/2021,636.900024,642.750000,632.969971,641.130005,641.130005,1082800,-,577.993748,643.593998,647.058502,644.533008,1157330.00
01/08/2021,624.390015,634.789978,624.390015,634.380005,634.380005,1051100,-,577.058948,642.222998,647.904001,646.069006,1155336.00
01/07/2021,627.729980,638.250000,622.000000,629.770020,629.770020,1259500,-,575.990898,641.208398,648.389001,647.375006,1152260.00
01/06/2021,612.159973,634.809998,612.159973,624.510010,624.510010,1491400,-,574.939048,640.255598,650.069000,648.508002,1149462.00
01/05/2021,646.130005,649.000000,632.950012,636.590027,636.590027,842600,-,573.725398,639.630999,652.881500,651.526001,1136478.00
01/04/2021,666.590027,666.590027,637.000000,647.030029,647.030029,1185200,-,572.400948,638.897397,654.588998,653.066998,1139662.00
12/31/2020,653.440002,664.780029,652.859985,661.549988,661.549988,699500,-,571.131098,638.063397,655.758997,653.761993,1130500.00
12/30/2020,667.010010,668.000000,652.289978,653.489990,653.489990,865400,-,569.730948,636.997598,656.039996,651.849994,1137832.00
12/29/2020,654.299988,666.369995,651.250000,664.979980,664.979980,1301000,-,568.428598,636.280997,656.477997,651.128998,1142136.00
12/28/2020,661.380005,661.380005,649.440002,651.900024,651.900024,774800,-,567.049248,635.659797,655.828497,649.597998,1131572.00
12/24/2020,646.599976,657.330017,646.599976,656.489990,656.489990,1127300,-,566.060698,635.359597,655.373495,649.583997,1132594.00
12/23/2020,642.869995,652.580017,640.030029,647.440002,647.440002,1590800,-,564.915948,635.002197,655.118997,649.738995,1126862.00
12/22/2020,654.020020,654.789978,638.760010,641.099976,641.099976,1269800,-,563.931998,635.052397,655.268997,649.402997,1114324.00
12/21/2020,645.260010,658.380005,641.789978,654.690002,654.690002,893200,-,563.110298,635.264797,655.465997,651.629999,1115076.00
12/18/2020,656.940002,658.349976,646.520020,652.000000,652.000000,2253900,-,562.152898,634.883798,655.501996,654.237000,1109730.00
12/17/2020,645.109985,657.570007,644.950012,653.979980,653.979980,1904700,-,561.376498,634.425398,655.428995,656.110999,1076328.00
12/16/2020,646.280029,649.640015,634.469971,642.429993,642.429993,1283900,-,560.632298,633.820398,654.851996,657.756000,1054288.00
12/15/2020,653.080017,656.500000,646.070007,646.280029,646.280029,1034600,-,560.034348,633.389598,654.805997,660.229999,1050702.00
12/14/2020,654.770020,656.239990,649.109985,649.669983,649.669983,1284600,-,559.278098,633.143597,654.562494,661.826996,1046168.00
12/11/2020,654.059998,655.979980,648.020020,651.760010,651.760010,989000,-,558.515398,632.554797,654.438495,662.058997,1041406.00
12/10/2020,644.559998,659.580017,642.789978,658.039978,658.039978,880100,-,557.722448,632.221797,653.748495,661.162994,1049362.00
12/09/2020,660.450012,665.960022,643.530029,644.080017,644.080017,1813100,-,556.974998,631.547798,652.692496,660.498999,1054734.00
12/08/2020,676.479980,681.710022,661.809998,663.369995,663.369995,1020900,-,556.345048,631.196198,651.832495,661.134998,1034820.00
12/07/2020,667.359985,680.760010,666.979980,680.760010,680.760010,881000,-,555.618148,630.493397,649.323996,659.301996,1035106.00
12/04/2020,670.580017,674.049988,667.080017,670.739990,670.739990,685900,-,554.857848,629.162797,647.510495,656.766992,1038942.00
12/03/2020,666.659973,675.739990,656.559998,670.429993,670.429993,822200,-,554.180849,627.976997,646.341495,654.746991,1043852.00
12/02/2020,659.789978,669.900024,659.140015,667.169983,667.169983,820600,-,553.524798,626.895397,644.543494,651.947992,1047756.00
12/01/2020,656.700012,666.590027,652.799988,662.250000,662.250000,1177100,-,552.901249,626.212997,640.784494,649.381995,1055674.00
11/30/2020,646.219971,655.340027,643.039978,651.989990,651.989990,1178700,-,552.277999,625.254797,637.093494,647.297992,1058412.00
11/27/2020,647.590027,650.880005,642.049988,642.799988,642.799988,569400,-,551.692499,624.719998,634.684995,646.817993,1074218.00
11/25/2020,652.260010,653.510010,644.869995,651.400024,651.400024,681100,-,551.152149,624.270198,631.344995,646.333997,1089656.00
11/24/2020,641.700012,654.789978,633.659973,650.440002,650.440002,1074600,-,550.565148,623.843597,627.403995,644.885992,1099618.00
11/23/2020,657.869995,659.559998,642.700012,645.039978,645.039978,1518500,-,549.967648,623.285797,624.064496,642.529993,1094734.00
11/20/2020,651.309998,663.070007,647.500000,655.409973,655.409973,1163700,-,549.394149,622.578998,620.918997,639.345996,1079464.00
11/19/2020,639.859985,655.729980,636.690002,650.539978,650.539978,1288500,-,548.743149,621.501199,617.812500,638.253998,1073400.00
11/18/2020,645.140015,651.169983,635.520020,642.440002,642.440002,1655400,-,548.123249,620.571599,615.281000,637.935999,1068852.00
11/17/2020,637.320007,643.570007,632.530029,641.510010,641.510010,621500,-,547.521949,619.988400,613.425500,637.138995,1053858.00
11/16/2020,642.840027,647.510010,639.950012,641.409973,641.409973,1066300,-,546.973149,619.088199,611.763000,632.186993,1065612.00
11/13/2020,638.229980,648.820007,638.109985,647.190002,647.190002,757500,-,546.426349,618.340400,610.575500,626.888995,1065926.00
11/12/2020,639.330017,645.059998,635.400024,637.960022,637.960022,650000,-,545.777699,617.558600,609.912000,622.551996,1071100.00
11/11/2020,628.799988,640.520020,628.799988,636.919983,636.919983,709300,-,545.052799,617.248400,609.858499,616.355994,1072932.00
11/10/2020,603.450012,631.640015,603.450012,626.880005,626.880005,1054700,-,544.321899,616.854800,609.943500,609.921997,1076230.00
11/09/2020,659.789978,659.789978,612.679993,613.200012,613.200012,1632700,-,543.684199,616.629399,611.097000,605.598999,1071370.00
11/06/2020,647.679993,649.919983,640.450012,644.489990,644.489990,693000,-,543.138599,616.678199,613.022998,602.491998,1051366.00
11/05/2020,643.049988,650.429993,638.109985,647.359985,647.359985,1007600,-,542.439499,616.074199,612.580499,597.371002,1055134.00
11/04/2020,610.900024,645.700012,608.270020,634.469971,634.469971,1940400,-,541.768399,615.418199,611.666501,592.626001,1053126.00
11/03/2020,596.000000,602.590027,591.729980,591.989990,591.989990,1172900,-,541.148549,614.923800,611.129501,589.712006,1036558.00
11/02/2020,605.099976,610.359985,578.760010,588.429993,588.429993,1268200,-,540.706549,615.334601,612.574503,591.339008,1034842.00
10/30/2020,580.549988,610.659973,580.549988,603.820007,603.820007,2456100,-,540.278049,615.845201,614.852002,594.262006,1023036.00
10/29/2020,573.330017,583.049988,573.099976,576.000000,576.000000,1420400,-,539.802849,616.019601,615.672501,597.272003,986524.00
10/28/2020,574.969971,585.409973,572.460022,572.580017,572.580017,983100,-,539.499850,616.732800,618.628000,603.361005,977346.00
10/27/2020,585.000000,590.299988,580.500000,583.650024,583.650024,897300,-,539.185049,617.495000,621.216000,609.965002,971690.00
10/26/2020,588.789978,595.830017,581.419983,582.130005,582.130005,1119600,-,538.817549,617.921399,623.358499,616.595001,966748.00
10/23/2020,603.070007,603.070007,588.409973,593.280029,593.280029,842200,-,538.432049,618.378599,625.663498,623.553998,957650.00
10/22/2020,605.030029,605.030029,596.429993,599.909973,599.909973,1001800,-,538.002049,618.597397,626.710995,627.789996,957886.00
10/21/2020,604.309998,612.330017,601.510010,605.330017,605.330017,727100,-,537.506349,618.573998,627.287997,630.707001,958528.00
10/20/2020,622.739990,622.739990,606.619995,608.260010,608.260010,1066100,-,536.975499,618.276997,627.838995,632.546997,961244.00
10/19/2020,635.669983,640.000000,616.700012,617.659973,617.659973,1080600,-,536.421449,618.158597,629.078494,633.809998,955712.00
10/16/2020,638.869995,646.989990,633.520020,633.919983,633.919983,772800,-,535.805499,617.842798,628.912497,635.441998,950318.00
10/15/2020,631.869995,640.299988,630.500000,636.890015,636.890015,825900,-,535.088049,617.207198,628.478998,634.072998,949184.00
10/14/2020,651.669983,653.640015,638.010010,638.619995,638.619995,840700,-,534.328999,616.434598,627.649997,633.894995,946306.00
10/13/2020,653.609985,656.890015,646.489990,649.950012,649.950012,963900,-,533.551299,615.662399,627.222498,632.466998,948532.00
10/12/2020,643.570007,663.700012,639.239990,651.719971,651.719971,1307400,-,532.719999,614.457399,625.852496,630.121997,949524.00
10/09/2020,631.880005,639.340027,631.640015,635.640015,635.640015,625900,-,531.890049,613.022999,623.751498,627.772998,956130.00
10/08/2020,626.809998,633.690002,622.239990,629.080017,629.080017,583800,-,531.116149,611.578999,622.045499,625.631995,959042.00
10/07/2020,623.229980,629.729980,622.989990,623.729980,623.729980,802700,-,530.374349,610.325798,620.794498,623.868994,960252.00
10/06/2020,632.359985,638.059998,619.099976,620.890015,620.890015,1104600,-,529.636799,609.079398,620.272000,623.130994,954650.00
10/05/2020,623.349976,639.270020,621.630005,633.979980,633.979980,807900,-,528.910699,607.859797,619.052499,624.346991,947230.00
10/02/2020,626.539978,633.169983,617.289978,620.229980,620.229980,1046500,-,528.073399,606.414597,617.554501,622.382996,942826.00
10/01/2020,627.309998,640.000000,627.309998,635.109985,635.109985,1386800,-,527.327899,605.218397,616.948001,622.884998,932708.00
09/30/2020,629.809998,632.059998,620.679993,624.340027,624.340027,1148700,-,526.503499,603.818597,616.315002,621.404999,915780.00
09/29/2020,626.849976,635.830017,625.020020,626.500000,626.500000,817400,-,525.758149,602.625397,615.960001,621.977997,907198.00
09/28/2020,625.159973,633.640015,619.640015,628.229980,628.229980,1035200,-,524.973649,601.405597,615.415500,621.582996,905410.00
09/25/2020,609.890015,617.400024,606.109985,614.229980,614.229980,1072800,-,524.161849,600.134197,614.786002,619.729999,913120.00
09/24/2020,614.460022,621.280029,609.539978,611.450012,611.450012,931400,-,523.399249,599.010198,614.789001,618.459003,912888.00
09/23/2020,632.969971,633.989990,615.099976,616.349976,616.349976,1017400,-,522.685299,597.821398,614.944501,617.720001,912990.00
09/22/2020,612.450012,634.340027,612.450012,633.049988,633.049988,1216500,-,521.942800,596.353398,614.614502,617.413007,906762.00
09/21/2020,621.969971,625.919983,606.909973,614.340027,614.340027,1314000,-,521.113900,594.367999,613.588504,613.758008,901600.00
09/18/2020,622.080017,628.299988,611.789978,625.250000,625.250000,1969000,-,520.352449,592.839598,613.569504,612.726007,891118.00
09/17/2020,618.229980,624.169983,609.669983,620.309998,620.309998,1341300,-,519.575499,590.938398,612.934003,611.011005,867596.00
09/16/2020,626.750000,635.859985,626.210022,630.070007,630.070007,1179200,-,518.825599,589.098398,612.501501,611.225006,856242.00
09/15/2020,610.719971,627.429993,610.219971,622.549988,622.549988,830400,-,518.025299,587.057399,611.532501,609.942004,849714.00
09/14/2020,608.030029,613.590027,603.669983,609.700012,609.700012,755000,-,517.281449,585.132198,610.653500,609.248004,849404.00
09/11/2020,606.590027,608.570007,597.799988,601.520020,601.520020,860500,-,516.569499,583.291998,610.417999,609.842004,850020.00
09/10/2020,611.380005,622.229980,603.309998,604.059998,604.059998,1061100,-,515.892199,581.699797,610.552997,611.119000,855062.00
09/09/2020,598.640015,617.799988,598.400024,613.280029,613.280029,905700,-,515.214399,579.819398,610.286996,612.169000,858968.00
09/08/2020,595.729980,604.340027,591.599976,596.500000,596.500000,1209200,-,514.521249,577.738197,609.146994,611.815997,861052.00
09/04/2020,610.059998,611.390015,592.090027,604.020020,604.020020,1082000,-,513.934149,575.853597,609.438995,613.419000,869178.00
09/03/2020,624.039978,629.520020,603.030029,608.099976,608.099976,1016200,-,513.308899,573.973596,609.331494,614.413000,863396.00
09/02/2020,616.960022,626.619995,614.049988,622.450012,622.450012,741600,-,512.638749,571.971396,609.033496,614.857001,870682.00
09/01/2020,614.039978,620.200012,611.000000,617.239990,617.239990,874200,-,511.904499,569.943196,607.823996,613.777997,879838.00
08/31/2020,614.840027,620.229980,613.630005,615.609985,615.609985,811700,-,511.218149,568.151796,606.962497,613.122998,880088.00
08/28/2020,613.010010,616.570007,609.349976,615.640015,615.640015,632500,-,510.540899,566.572996,605.666998,612.058997,916730.00
08/27/2020,619.049988,621.039978,612.590027,614.289978,614.289978,881400,-,509.833049,564.962395,603.884998,610.993994,921802.00
08/26/2020,606.820007,618.489990,605.280029,614.559998,614.559998,907200,-,509.129099,563.361195,601.342499,609.986993,923240.00
08/25/2020,619.510010,620.190002,604.409973,609.750000,609.750000,1112000,-,508.405049,561.718995,598.935498,608.404993,924628.00
08/24/2020,613.390015,618.030029,611.140015,612.530029,612.530029,1087100,-,507.698499,560.044396,596.518497,606.477991,920596.00
08/21/2020,610.979980,614.799988,606.609985,613.960022,613.960022,677900,-,506.980999,558.245195,593.887494,605.458990,919726.00
08/20/2020,607.940002,614.369995,607.940002,612.539978,612.539978,630500,-,506.277449,556.309395,591.275491,604.249988,935876.00
08/19/2020,612.460022,616.070007,607.799988,611.659973,611.659973,961500,-,505.582249,554.734795,588.669492,603.209991,942302.00
08/18/2020,608.229980,612.929993,606.510010,610.690002,610.690002,700300,-,504.906349,553.132996,586.342493,601.869995,940930.00
08/17/2020,608.849976,610.200012,601.099976,604.969971,604.969971,650200,-,504.192199,551.726395,584.041992,600.801996,951430.00
08/14/2020,604.549988,610.950012,602.880005,604.989990,604.989990,664700,-,503.511249,550.241395,582.068994,599.275000,966322.00
08/13/2020,595.460022,609.309998,595.460022,604.219971,604.219971,854000,-,502.806649,548.942196,580.052493,596.776001,975218.00
08/12/2020,590.989990,607.000000,590.989990,598.739990,598.739990,1033900,-,502.120999,547.803796,577.742996,592.698004,971628.00
08/11/2020,604.419983,604.419983,588.969971,590.479980,590.479980,862900,-,501.438250,546.733396,575.406497,589.466003,970162.00
08/10/2020,598.650024,606.000000,598.099976,602.340027,602.340027,789500,-,500.661200,545.749796,573.029999,586.559003,969888.00
08/07/2020,603.390015,611.469971,598.250000,601.869995,601.869995,810900,-,499.827299,544.582996,569.601999,582.315997,986220.00
08/06/2020,595.349976,604.119995,594.679993,602.140015,602.140015,716100,-,499.004100,543.238995,566.404498,578.300995,1001550.00
08/05/2020,598.750000,603.599976,597.229980,598.260010,598.260010,682000,-,498.184200,541.698395,562.806998,574.128992,1016816.00
08/04/2020,580.000000,601.760010,579.000000,600.010010,600.010010,952000,-,497.393149,539.930195,559.309497,570.814990,1022728.00
08/03/2020,585.010010,593.900024,581.140015,589.700012,589.700012,1013500,-,496.602749,538.187995,555.709998,567.281989,1017976.00
07/31/2020,594.309998,594.309998,554.260010,580.000000,580.000000,1637700,-,495.844749,536.733195,552.539496,564.862988,1013470.00
07/30/2020,559.530029,568.510010,558.169983,563.440002,563.440002,771500,-,495.109349,535.389195,549.423996,563.328986,1002506.00
07/29/2020,564.210022,569.679993,560.599976,566.419983,566.419983,644300,-,494.406949,534.529195,547.347495,562.787988,1008734.00
07/28/2020,558.799988,566.460022,557.020020,561.409973,561.409973,522600,-,493.690649,533.556595,544.528496,561.346991,1019746.00
07/27/2020,562.539978,563.099976,555.270020,559.909973,559.909973,733600,-,493.018250,532.396196,541.918997,559.500995,1027400.00
07/24/2020,558.619995,562.969971,554.359985,561.719971,561.719971,587700,-,492.365100,531.146796,539.036998,556.888000,1029352.00
07/23/2020,567.369995,569.150024,556.190002,560.419983,560.419983,540600,-,491.696850,529.878397,536.451999,554.508002,1039176.00
07/22/2020,566.960022,568.200012,561.299988,565.119995,565.119995,540400,-,491.044950,528.708597,533.830499,551.485004,1043884.00
07/21/2020,567.960022,570.909973,563.400024,564.679993,564.679993,719600,-,490.357950,527.620997,531.626498,547.804004,1049794.00
07/20/2020,564.659973,571.599976,562.580017,565.510010,565.510010,728000,-,489.617900,526.632997,529.775998,544.138007,1047556.00
07/17/2020,562.450012,569.869995,560.010010,564.659973,564.659973,1420700,-,488.844100,525.607797,528.333997,540.216003,1050252.00
07/16/2020,552.820007,558.099976,547.780029,558.030029,558.030029,1061200,-,488.048800,524.393798,526.856497,535.519006,1037976.00
07/15/2020,543.750000,552.539978,542.530029,552.010010,552.010010,936500,-,487.319250,523.501997,525.666495,531.907001,1035544.00
07/14/2020,530.429993,543.979980,525.869995,542.950012,542.950012,706000,-,486.590250,522.776396,524.688495,527.710001,1039884.00
07/13/2020,536.630005,544.450012,532.859985,533.780029,533.780029,958400,-,485.930500,522.110197,523.841995,524.337000,1059192.00
07/10/2020,530.390015,540.440002,527.500000,537.919983,537.919983,789900,-,485.344900,521.339196,523.281494,521.185995,1087096.00
07/09/2020,529.590027,532.250000,520.669983,530.190002,530.190002,792900,-,484.742950,520.474197,522.243994,518.395996,1093638.00
07/08/2020,527.979980,530.169983,523.000000,528.309998,528.309998,773600,-,484.199550,519.813597,522.424994,516.175995,1097058.00
07/07/2020,522.739990,532.340027,521.979980,528.020020,528.020020,852800,-,483.659750,519.416197,522.587994,515.448993,1100246.00
07/06/2020,525.559998,527.169983,520.479980,526.289978,526.289978,814900,-,483.156750,519.026796,523.204993,515.413989,1098546.00
07/02/2020,522.099976,528.869995,517.020020,517.690002,517.690002,785800,-,482.652400,518.483397,523.426492,516.451990,1096524.00
07/01/2020,510.040009,525.780029,505.450012,521.909973,521.909973,1112600,-,482.189700,518.051196,524.543494,518.193988,1098374.00
06/30/2020,509.630005,511.959991,498.079987,510.040009,510.040009,1256400,-,481.696400,517.428597,525.812994,519.425989,1099690.00
06/29/2020,509.730011,513.559998,499.510010,509.220001,509.220001,1009900,-,481.273800,517.201197,527.571992,521.666989,1093514.00
06/26/2020,510.500000,510.500000,500.500000,502.269989,502.269989,1615500,-,480.852700,517.005197,529.175992,523.346991,1103074.00
06/25/2020,507.459991,512.549988,500.160004,510.019989,510.019989,792900,-,480.466350,516.886797,531.262492,525.376993,1093932.00
06/24/2020,512.119995,517.840027,505.570007,507.989990,507.989990,1380500,-,480.022950,516.612798,532.494992,526.091992,1098898.00
06/23/2020,532.059998,532.059998,516.099976,521.039978,521.039978,1199400,-,479.581900,516.244398,533.350992,528.673993,1098620.00
06/22/2020,532.450012,534.010010,523.400024,527.669983,527.669983,886700,-,479.105300,515.217599,532.791493,529.726996,1094394.00
06/19/2020,540.000000,540.900024,524.469971,536.669983,536.669983,2643800,-,478.577200,513.997000,532.052995,530.995996,1109346.00
06/18/2020,531.940002,538.969971,530.419983,535.109985,535.109985,886100,-,477.991200,512.542200,531.067497,530.400995,1077886.00
06/17/2020,535.369995,539.109985,532.820007,534.229980,534.229980,953300,-,477.374700,510.875000,529.951997,530.892999,1092816.00
06/16/2020,528.000000,538.020020,525.890015,532.450012,532.450012,976600,-,476.751501,509.381400,529.262498,532.200000,1106298.00
06/15/2020,514.049988,526.750000,511.549988,526.020020,526.020020,910400,-,476.125450,507.408400,528.529497,533.476996,1107324.00
06/12/2020,524.349976,530.719971,515.289978,522.570007,522.570007,1043600,-,475.497850,505.601199,527.397997,535.004993,1116660.00
06/11/2020,532.710022,535.669983,517.150024,517.169983,517.169983,1485400,-,474.877450,503.630399,526.141496,537.147992,1123006.00
06/10/2020,536.349976,536.349976,528.500000,533.809998,533.809998,951800,-,474.275500,502.013199,525.197997,538.897992,1134754.00
06/09/2020,541.090027,542.359985,529.429993,531.570007,531.570007,892900,-,473.534000,500.352599,523.603996,538.027991,1156596.00
06/08/2020,524.000000,540.400024,522.080017,540.359985,540.359985,1225300,-,472.831350,498.515200,522.562495,535.855991,1176934.00
06/05/2020,538.650024,546.070007,528.020020,530.719971,530.719971,1394800,-,472.090201,496.791400,521.308498,533.109995,1196082.00
06/04/2020,544.469971,548.909973,534.659973,540.030029,540.030029,1109500,-,471.394351,494.592401,520.484999,531.734000,1212642.00
06/03/2020,545.469971,548.809998,542.260010,547.299988,547.299988,674500,-,470.636301,492.179800,518.681497,529.010995,1246804.00
06/02/2020,541.690002,549.000000,540.830017,545.219971,545.219971,960600,-,469.822351,488.869400,516.988498,526.324997,1282564.00
06/01/2020,545.039978,548.039978,540.020020,541.299988,541.299988,849200,-,469.000951,485.399001,515.513998,523.581998,1329796.00
05/29/2020,535.500000,545.630005,531.080017,544.000000,544.000000,1606100,-,468.170351,482.434201,513.931000,519.791000,1362148.00
05/28/2020,528.539978,539.880005,528.539978,534.669983,534.669983,1577400,-,467.347201,479.184601,511.492500,515.135001,1429122.00
05/27/2020,512.760010,528.059998,511.010010,525.109985,525.109985,1479400,-,466.555251,476.351601,509.492502,511.498001,1472294.00
05/26/2020,515.000000,517.690002,508.200012,509.850006,509.850006,977600,-,465.827551,473.631601,508.095003,509.180002,1508190.00
05/22/2020,513.710022,519.099976,509.239990,512.900024,512.900024,714400,-,465.178451,472.518401,508.024503,509.269000,1551590.00
05/21/2020,511.250000,519.640015,510.000000,516.960022,516.960022,788200,-,464.489101,470.811201,507.807001,509.507001,1606484.00
05/20/2020,519.349976,525.770020,510.899994,512.799988,512.799988,1089500,-,463.814251,469.485000,506.914999,509.235999,1651190.00
05/19/2020,512.929993,523.289978,512.400024,520.440002,520.440002,1082900,-,463.148951,468.764200,506.078999,508.351999,1682610.00
05/18/2020,511.149994,524.659973,505.799988,517.789978,517.789978,1194900,-,462.470051,467.619600,504.595999,507.651999,1712270.00
05/15/2020,491.359985,503.470001,485.010010,503.390015,503.390015,905300,-,461.803001,467.198201,503.640001,507.445999,1731278.00
05/14/2020,499.089996,502.059998,489.269989,497.440002,497.440002,831200,-,461.212951,467.233201,503.441501,508.070999,1802878.00
05/13/2020,500.089996,503.000000,487.670013,498.299988,498.299988,1078900,-,460.698551,467.741201,503.387001,507.850000,1826534.00
05/12/2020,507.309998,514.590027,501.369995,501.929993,501.929993,776000,-,460.175301,467.675801,503.288002,507.487003,1862654.00
05/11/2020,510.660004,515.650024,507.200012,510.739990,510.739990,835900,-,459.659601,467.579802,502.670003,507.010004,1906168.00
05/08/2020,521.460022,521.460022,513.130005,515.280029,515.280029,607700,-,459.133401,467.228402,500.618004,506.780005,1961232.00
05/07/2020,511.809998,520.000000,507.609985,514.250000,514.250000,862800,-,458.605351,467.093801,498.186003,506.107001,2001260.00
05/06/2020,516.559998,517.869995,496.619995,503.959991,503.959991,806900,-,458.071751,467.170602,495.670003,504.594000,2016360.00
05/05/2020,517.010010,518.419983,508.880005,513.440002,513.440002,939600,-,457.591251,467.451202,493.059503,503.806000,2034182.00
05/04/2020,514.119995,521.799988,508.869995,515.729980,515.729980,1153500,-,457.073001,467.756402,490.365002,501.539999,2043602.00
05/01/2020,511.000000,517.909973,495.510010,509.640015,509.640015,1671400,-,456.572451,468.148603,486.268503,499.834003,2045402.00
04/30/2020,492.670013,511.329987,490.350006,495.230011,495.230011,2353600,-,456.097051,468.740202,482.569502,498.812003,2032962.00
04/29/2020,501.910004,505.570007,492.420013,494.670013,494.670013,1117000,-,455.695101,469.684802,479.009502,498.924002,2006720.00
04/28/2020,514.729980,514.729980,494.329987,497.160004,497.160004,963900,-,455.294901,470.543401,476.091501,499.089001,1999170.00
04/27/2020,511.809998,515.630005,505.779999,508.440002,508.440002,933000,-,454.880651,471.298002,473.772501,498.330002,1993056.00
04/24/2020,501.529999,508.859985,494.109985,508.549988,508.549988,767800,-,454.389701,471.823801,470.335501,494.456003,1988584.00
04/23/2020,498.500000,508.059998,495.609985,499.119995,499.119995,713800,-,453.883001,472.332802,467.616502,490.265005,1991054.00
04/22/2020,500.390015,501.350006,490.239990,496.079987,496.079987,878300,-,453.393501,472.969202,463.699002,486.746005,1998740.00
04/21/2020,493.380005,497.589996,486.769989,490.779999,490.779999,1178400,-,452.910101,473.654402,459.865002,482.313007,2006232.00
04/20/2020,495.989990,506.260010,490.450012,498.670013,498.670013,947600,-,452.464601,474.343003,454.415002,479.190005,1997736.00
04/17/2020,504.350006,509.119995,486.070007,499.420013,499.420013,1487900,-,451.971251,474.900803,448.066502,472.703003,1995398.00
04/16/2020,499.940002,507.769989,493.500000,496.350006,496.350006,1158400,-,451.467601,475.356002,442.748502,466.327002,2002026.00
04/15/2020,477.709991,497.980011,474.540009,496.320007,496.320007,1041200,-,450.974550,476.064002,437.007001,459.095001,2010782.00
04/14/2020,473.480011,495.920013,473.130005,489.570007,489.570007,1366600,-,450.468850,476.778602,431.842000,453.094000,2023292.00
04/13/2020,468.970001,473.200012,462.160004,469.700012,469.700012,988100,-,449.978050,477.336402,426.818999,449.214999,2037032.00
04/09/2020,465.649994,476.149994,456.190002,466.640015,466.640015,1634300,-,449.570750,477.802002,426.043498,446.214999,2038614.00
04/08/2020,461.619995,466.140015,450.970001,463.929993,463.929993,1070800,-,449.192100,478.284001,424.088498,444.967999,2030104.00
04/07/2020,472.829987,475.149994,449.829987,451.750000,451.750000,1632600,-,448.834650,478.992202,423.424498,440.651999,2035222.00
04/06/2020,451.970001,464.500000,442.750000,459.549988,459.549988,1627400,-,448.549350,480.038801,424.674998,437.416998,2041188.00
04/03/2020,433.239990,440.619995,425.989990,433.799988,433.799988,1027900,-,448.245450,480.941202,424.857999,429.639999,2032300.00
04/02/2020,420.260010,436.880005,418.010010,435.660004,435.660004,1377200,-,448.065200,482.528002,428.003999,423.430002,2035388.00
04/01/2020,418.299988,434.829987,413.390015,424.029999,424.029999,1360900,-,447.862950,484.024802,431.478000,419.170001,2045416.00
03/31/2020,443.769989,449.170013,432.059998,436.309998,436.309998,2072800,-,447.713150,485.616002,436.418501,414.919000,2039018.00
03/30/2020,440.739990,454.510010,440.739990,450.779999,450.779999,2043900,-,447.492000,486.944402,439.354501,410.589999,2042620.00
03/27/2020,439.010010,456.399994,434.899994,439.700012,439.700012,1909800,-,447.186700,488.104402,441.672002,404.422998,2023824.00
03/26/2020,424.470001,460.540009,422.049988,454.170013,454.170013,2182700,-,446.944000,489.618403,444.345502,405.871997,1997852.00
03/25/2020,416.010010,441.000000,408.540009,420.769989,420.769989,2222800,-,446.631350,490.727402,447.064500,403.208997,1987320.00
03/24/2020,396.519989,421.209991,396.519989,419.399994,419.399994,2817600,-,446.504550,492.515002,451.930502,406.196997,1961538.00
03/23/2020,371.000000,399.989990,364.670013,381.779999,381.779999,2462500,-,446.377750,494.227603,456.860002,411.932999,1923440.00
03/20/2020,394.809998,404.559998,370.000000,371.700012,371.700012,3322200,-,446.405400,496.737603,464.206003,420.075998,1892676.00
03/19/2020,379.570007,414.399994,372.940002,393.059998,393.059998,2466800,-,446.471700,499.319002,472.388004,432.577997,1847496.00
03/18/2020,374.779999,390.750000,345.670013,381.519989,381.519989,4954800,-,446.444750,501.441002,479.696002,443.785999,1819176.00
03/17/2020,397.470001,406.630005,388.230011,393.019989,393.019989,3736000,-,446.425400,503.759603,487.743004,457.918002,1736678.00
03/16/2020,414.980011,418.380005,388.130005,389.109985,389.109985,3274200,-,446.344300,505.788603,494.972003,468.119003,1681440.00
03/13/2020,446.480011,454.519989,413.660004,454.190002,454.190002,3147600,-,446.294850,507.815003,502.261005,478.921005,1643532.00
03/12/2020,434.000000,446.739990,421.859985,427.540009,427.540009,3459100,-,445.900750,508.432803,506.288004,482.819006,1595722.00
03/11/2020,466.820007,477.000000,443.920013,450.649994,450.649994,3023500,-,445.648050,509.543602,511.611003,490.920004,1540590.00
03/10/2020,467.799988,477.869995,460.359985,476.760010,476.760010,2660500,-,445.269800,510.204402,515.625504,497.664008,1490270.00
03/09/2020,466.579987,478.619995,460.739990,463.209991,463.209991,2565900,-,444.763550,510.383802,518.304504,501.787006,1452118.00
03/06/2020,486.839996,498.619995,480.649994,496.720001,496.720001,2145300,-,444.337900,510.736802,521.404506,508.336008,1410074.00
03/05/2020,514.340027,522.760010,501.230011,505.140015,505.140015,4485300,-,443.750350,510.416802,522.896506,512.198010,1391680.00
03/04/2020,502.380005,524.650024,498.809998,522.840027,522.840027,2014000,-,443.111100,509.838402,523.748505,515.606006,1358598.00
03/03/2020,489.179993,505.500000,489.179993,495.029999,495.029999,2884900,-,442.428950,508.895002,524.194003,517.568005,1339582.00
03/02/2020,494.470001,500.700012,490.339996,497.130005,497.130005,2951700,-,441.864750,508.324802,526.045003,521.825003,1303508.00
02/28/2020,500.700012,509.880005,485.459991,493.170013,493.170013,3589100,-,441.265050,507.804802,527.061504,525.601004,1274360.00
02/27/2020,513.210022,520.489990,507.510010,508.549988,508.549988,2609100,-,440.664950,507.346002,527.052003,529.757001,1229398.00
02/26/2020,524.780029,527.500000,516.679993,518.090027,518.090027,1617800,-,439.966650,506.680402,526.161504,532.302002,1202388.00
02/25/2020,530.840027,534.830017,517.010010,517.989990,517.989990,1698000,-,439.265650,505.710601,525.224002,533.587000,1190304.00
02/24/2020,529.799988,534.000000,525.590027,528.700012,528.700012,1410600,-,438.547350,504.668201,524.528502,534.822003,1174034.00
02/21/2020,537.340027,538.429993,529.239990,535.340027,535.340027,1243500,-,437.765450,503.328401,523.327002,534.473004,1165420.00
02/20/2020,542.010010,544.090027,532.090027,539.219971,539.219971,1049400,-,436.962450,501.994800,522.217001,533.595001,1157408.00
02/19/2020,539.729980,546.539978,536.940002,542.460022,542.460022,1041500,-,436.147750,500.567401,520.781003,531.891003,1153388.00
02/18/2020,535.250000,538.700012,533.380005,537.599976,537.599976,739500,-,435.323850,499.063600,518.837502,530.820001,1154522.00
02/14/2020,532.489990,536.250000,532.200012,534.890015,534.890015,658200,-,434.487900,497.552601,517.094003,530.265002,1160552.00
02/13/2020,534.119995,536.250000,532.549988,534.729980,534.729980,709400,-,433.668650,496.252000,515.788503,528.522003,1163542.00
02/12/2020,531.489990,535.419983,528.630005,534.000000,534.000000,891300,-,432.850950,494.964000,514.822005,524.347006,1167318.00
02/11/2020,531.000000,532.299988,524.010010,530.940002,530.940002,1098100,-,432.035800,493.684200,513.603004,520.021005,1160590.00
02/10/2020,525.750000,531.750000,524.419983,530.340027,530.340027,1252900,-,431.231850,492.541000,512.563504,516.861005,1152702.00
02/07/2020,526.109985,526.549988,521.340027,525.210022,525.210022,753600,-,430.413950,491.280400,511.298003,514.235001,1158752.00
02/06/2020,524.859985,529.460022,522.919983,526.559998,526.559998,830700,-,429.590400,490.097399,510.401501,512.181000,1163950.00
02/05/2020,522.000000,530.530029,521.030029,522.179993,522.179993,1819300,-,428.750750,488.936199,509.112001,510.839001,1167090.00
02/04/2020,528.849976,532.650024,519.849976,531.750000,531.750000,1596200,-,427.930100,487.985599,507.961002,509.671002,1144188.00
02/03/2020,522.840027,537.539978,522.690002,532.049988,532.049988,1666700,-,427.068200,486.932199,506.246002,506.855002,1135228.00
01/31/2020,504.760010,521.690002,495.000000,517.460022,517.460022,2053600,-,426.216400,485.870599,504.367003,503.923004,1117790.00
01/30/2020,486.880005,494.329987,484.959991,492.980011,492.980011,1067200,-,425.419350,485.002799,503.015501,503.055002,1099736.00
01/29/2020,498.320007,499.070007,487.820007,490.739990,490.739990,1208800,-,424.741150,484.655199,502.620500,505.297003,1095238.00
01/28/2020,501.730011,507.450012,498.809998,499.339996,499.339996,1326700,-,424.067700,484.439799,502.237500,507.185004,1088282.00
01/27/2020,499.140015,507.359985,497.420013,504.079987,504.079987,1930900,-,423.347250,484.056199,501.455000,508.266003,1087520.00
01/24/2020,512.630005,514.260010,503.899994,504.670013,504.670013,1183000,-,422.598600,483.456000,500.537502,508.361005,1062762.00
01/23/2020,509.630005,516.700012,505.450012,513.140015,513.140015,1182300,-,421.848050,482.832599,499.347000,508.622003,1054654.00
01/22/2020,505.540009,512.789978,504.609985,510.500000,510.500000,1878600,-,421.053050,481.964799,497.725999,507.385001,1046412.00
01/21/2020,501.279999,506.730011,498.940002,503.589996,503.589996,1041000,-,420.257750,481.123599,496.012000,506.251001,1030192.00
01/17/2020,512.030029,512.030029,501.329987,502.730011,502.730011,2252900,-,419.468400,480.432399,494.616000,505.637003,1033940.00
01/16/2020,507.000000,513.710022,506.160004,508.779999,508.779999,1104100,-,418.681600,479.842799,492.805499,504.811002,1009754.00
01/15/2020,510.149994,517.070007,507.049988,515.400024,515.400024,611200,-,417.870850,479.137199,490.923000,502.976001,1007906.00
01/14/2020,508.470001,512.700012,506.239990,509.619995,509.619995,1656100,-,417.024950,478.358799,488.664499,499.943997,1018568.00
01/13/2020,506.040009,512.650024,504.890015,510.149994,510.149994,933700,-,416.211400,477.523599,486.946999,497.289996,1014086.00
01/10/2020,507.790009,509.029999,503.519989,505.029999,505.029999,912700,-,415.425000,476.696199,484.919499,494.643997,1027358.00
01/09/2020,501.500000,508.859985,501.500000,507.279999,507.279999,924300,-,414.677400,475.876999,482.961499,492.713998,1030186.00
01/08/2020,499.000000,509.989990,498.549988,500.769989,500.769989,1063200,-,413.921150,475.073199,480.682999,490.071997,1033152.00
01/07/2020,497.130005,500.649994,495.549988,499.160004,499.160004,1050800,-,413.201500,474.301599,479.077499,488.066998,1056970.00
01/06/2020,492.660004,498.149994,490.929993,497.450012,497.450012,829900,-,412.509600,473.019799,477.512000,485.772998,1056616.00
01/03/2020,485.529999,496.589996,485.529999,494.470001,494.470001,974100,-,411.853700,471.781999,476.002998,483.594998,1058252.00
01/02/2020,487.410004,491.410004,480.489990,490.429993,490.429993,1378800,-,411.193550,470.637199,474.381998,480.799997,1060396.00
12/31/2019,482.299988,487.079987,481.970001,485.079987,485.079987,757100,-,410.543650,469.591799,473.353497,478.869998,1047742.00
12/30/2019,483.739990,484.929993,478.390015,483.079987,483.079987,702500,-,409.905000,468.691199,472.615997,477.385001,1049034.00
12/27/2019,487.519989,487.519989,481.890015,483.690002,483.690002,507500,-,409.269200,467.868199,471.962498,476.604001,1049454.00
12/26/2019,480.950012,487.179993,480.950012,485.730011,485.730011,752900,-,408.614300,466.956400,471.466998,475.195001,1057424.00
12/24/2019,482.220001,482.940002,480.260010,480.859985,480.859985,463700,-,407.926300,465.900200,470.545998,473.209000,1068024.00
12/23/2019,476.720001,483.079987,475.459991,480.720001,480.720001,1225600,-,407.234550,464.742200,469.805998,471.294000,1072550.00
12/20/2019,479.959991,480.850006,473.489990,476.220001,476.220001,2831200,-,406.536350,463.591000,469.194998,470.088000,1072746.00
12/19/2019,466.519989,475.890015,466.200012,475.670013,475.670013,1063200,-,405.842950,462.605200,469.116498,469.251001,1029998.00
12/18/2019,472.640015,476.179993,466.140015,466.519989,466.519989,1081200,-,405.164750,461.677399,469.286996,468.410999,1021222.00
12/17/2019,471.029999,476.260010,469.230011,471.130005,471.130005,1494300,-,404.534950,460.908400,469.909497,467.963998,1024118.00
12/16/2019,477.869995,478.829987,468.059998,470.230011,470.230011,1341000,-,403.898050,460.086600,470.056497,467.836996,1013628.00
12/13/2019,467.279999,478.070007,465.850006,475.269989,475.269989,1258600,-,403.277400,459.236400,470.324997,467.846994,1008298.00
12/12/2019,466.700012,472.929993,464.880005,469.600006,469.600006,1013600,-,402.633950,458.064400,470.559998,467.320996,999092.00
12/11/2019,462.519989,467.320007,461.429993,465.869995,465.869995,884500,-,402.010500,456.887400,471.087997,467.738995,1001796.00
12/10/2019,467.100006,469.700012,460.470001,461.709991,461.709991,979900,-,401.406300,455.682000,471.497998,467.882996,1005352.00
12/09/2019,469.510010,475.500000,467.200012,468.660004,468.660004,842900,-,400.829350,454.690200,472.087498,468.317996,1002522.00
12/06/2019,470.579987,473.220001,467.100006,467.850006,467.850006,848400,-,400.230550,453.441200,472.141998,468.301996,1010764.00
12/05/2019,462.149994,468.269989,461.910004,467.269989,467.269989,1098200,-,399.641700,452.304200,472.171498,468.981995,1036162.00
12/04/2019,466.640015,469.279999,460.959991,462.049988,462.049988,1041000,-,399.053050,451.292000,472.259499,470.162994,1050936.00
12/03/2019,469.820007,470.510010,465.390015,469.859985,469.859985,807700,-,398.491600,450.401600,472.819499,471.854996,1055936.00
12/02/2019,469.320007,473.200012,467.420013,470.329987,470.329987,898200,-,397.884450,449.434601,473.001500,472.275998,1060518.00
11/29/2019,473.440002,473.570007,468.869995,470.010010,470.010010,554900,-,397.278100,448.435001,473.309001,472.803000,1099522.00
11/27/2019,467.239990,475.869995,466.329987,473.779999,473.779999,703700,-,396.636050,447.583201,473.201500,473.798999,1105054.00
11/26/2019,467.299988,469.470001,463.940002,467.309998,467.309998,1555400,-,395.959600,446.616002,472.951500,474.437000,1107152.00
11/25/2019,471.380005,472.910004,464.679993,466.059998,466.059998,1013500,-,395.325050,445.772802,472.789500,475.113000,1090776.00
11/22/2019,474.510010,477.119995,467.459991,468.500000,468.500000,987700,-,394.683850,444.916602,472.841000,475.857001,1088684.00
11/21/2019,479.950012,479.950012,474.220001,474.649994,474.649994,674200,-,394.062150,444.057001,472.525500,475.982001,1086746.00
11/20/2019,475.929993,483.549988,474.850006,479.079987,479.079987,1148200,-,393.411450,443.064001,470.546501,475.361002,1097936.00
11/19/2019,475.910004,480.519989,471.279999,478.970001,478.970001,794800,-,392.733600,441.982402,468.370502,474.356003,1090000.00
11/18/2019,475.170013,477.450012,471.440002,474.070007,474.070007,1150900,-,392.042250,440.829802,466.283502,473.784003,1101458.00
11/15/2019,482.440002,485.989990,473.209991,475.600006,475.600006,842300,-,391.356900,439.744001,464.488002,473.727002,1102298.00
11/14/2019,479.269989,480.290009,476.510010,479.970001,479.970001,861000,-,390.683650,438.746401,462.710501,473.815002,1104928.00
11/13/2019,474.329987,482.619995,472.440002,480.160004,480.160004,1288600,-,389.939050,437.588001,460.808501,472.604001,1109976.00
11/12/2019,473.410004,475.640015,472.220001,474.070007,474.070007,693000,-,388.987800,436.374201,458.705501,471.466000,1114062.00
11/11/2019,468.399994,474.600006,467.019989,473.500000,473.500000,777600,-,388.066350,435.129001,456.648001,470.466000,1119758.00
11/08/2019,467.260010,474.299988,465.410004,469.750000,469.750000,770200,-,387.153150,433.850801,454.121001,469.825000,1127014.00
11/07/2019,468.619995,471.070007,463.959991,468.440002,468.440002,1067600,-,386.261450,432.600601,451.791501,469.069000,1129450.00
11/06/2019,472.720001,472.720001,462.989990,469.029999,469.029999,1228400,-,385.357150,431.241801,449.716000,465.732001,1124226.00
11/05/2019,474.429993,474.429993,467.510010,473.250000,473.250000,1043600,-,384.434650,429.831000,447.728500,462.385001,1119938.00
11/04/2019,477.700012,479.179993,471.369995,473.500000,473.500000,1011700,-,383.493250,428.301600,445.469501,458.783002,1128276.00
11/01/2019,469.970001,478.070007,469.049988,476.480011,476.480011,1144300,-,382.582750,426.541801,443.296501,455.249002,1134714.00
10/31/2019,468.260010,469.450012,462.350006,467.859985,467.859985,1432000,-,381.672400,424.833000,440.858501,451.606000,1129666.00
10/30/2019,464.100006,469.309998,462.309998,468.779999,468.779999,1597300,-,380.802150,423.318401,438.299002,449.013000,1120492.00
10/29/2019,464.010010,468.989990,463.190002,464.070007,464.070007,1054100,-,379.928250,421.773801,435.397502,445.945001,1110510.00
10/28/2019,465.829987,470.309998,465.230011,467.089996,467.089996,1072600,-,379.065700,420.260801,432.474002,442.830002,1113826.00
10/25/2019,460.869995,469.570007,442.250000,462.190002,462.190002,2254100,-,378.202950,418.609201,429.725502,438.417001,1116136.00
10/24/2019,435.109985,439.049988,432.640015,435.070007,435.070007,1033100,-,377.355350,416.984201,426.926501,434.514001,1097458.00
10/23/2019,436.250000,439.390015,434.119995,435.559998,435.559998,911700,-,376.668200,415.786401,425.723001,433.700000,1105640.00
10/22/2019,437.040009,441.010010,435.869995,437.230011,437.230011,1081300,-,375.993950,414.662601,424.778001,433.072000,1122314.00
10/21/2019,442.220001,444.989990,437.260010,438.160004,438.160004,746100,-,375.315150,413.443600,423.793001,432.156000,1128940.00
10/18/2019,443.790009,444.410004,439.600006,440.049988,440.049988,821700,-,374.638050,412.271801,422.960501,431.344000,1138164.00
10/17/2019,439.549988,445.000000,437.320007,441.929993,441.929993,723500,-,373.875300,411.071401,421.975502,430.111002,1162774.00
10/16/2019,432.850006,440.269989,430.260010,438.100006,438.100006,906000,-,373.105600,409.733401,421.250003,427.585004,1199352.00
10/15/2019,423.600006,435.450012,422.790009,432.920013,432.920013,1282900,-,372.339950,408.611201,420.616003,424.850003,1204604.00
10/14/2019,423.890015,424.690002,421.920013,422.959991,422.959991,690000,-,371.600750,407.547600,420.227502,422.118002,1214872.00
10/11/2019,430.220001,430.720001,422.880005,423.160004,423.160004,1235400,-,370.909600,406.781600,420.242003,421.034003,1228720.00
10/10/2019,428.970001,430.299988,424.880005,426.929993,426.929993,693800,-,370.222300,406.006000,420.360002,419.339001,1231804.00
10/09/2019,431.230011,431.510010,427.480011,429.279999,429.279999,624400,-,369.455250,405.175001,420.263503,417.746002,1261870.00
10/08/2019,426.910004,430.940002,423.049988,428.070007,428.070007,1226000,-,368.728500,404.480601,420.049503,416.484003,1267710.00
10/07/2019,425.529999,432.160004,425.290009,430.040009,430.040009,969800,-,368.040400,403.792200,419.713002,415.430002,1257950.00
10/04/2019,422.170013,429.399994,420.899994,427.720001,427.720001,1074500,-,367.378200,403.167200,419.200002,414.577002,1270722.00
10/03/2019,409.010010,416.959991,406.700012,416.670013,416.670013,798300,-,366.769250,402.722800,419.100002,413.840002,1273902.00
10/02/2019,409.910004,412.920013,405.799988,410.750000,410.750000,1148800,-,366.232300,402.582800,419.369000,414.915002,1270628.00
10/01/2019,412.529999,415.480011,405.019989,405.600006,405.600006,1062300,-,365.725650,402.518400,419.805000,416.382004,1262932.00
09/30/2019,408.209991,413.769989,406.890015,412.119995,412.119995,838400,-,365.255050,402.563600,420.115500,418.337003,1255014.00
09/27/2019,411.829987,411.829987,401.839996,406.209991,406.209991,1255000,-,364.778350,402.517000,419.989000,419.450003,1254656.00
09/26/2019,418.450012,418.750000,406.160004,411.000000,411.000000,2118300,-,364.310000,402.705200,420.040500,421.381003,1243492.00
09/25/2019,417.200012,418.570007,414.510010,416.660004,416.660004,1836900,-,363.833200,402.776400,419.515500,422.781003,1210326.00
09/24/2019,422.540009,424.589996,416.690002,417.529999,417.529999,1291000,-,363.328400,402.740000,418.606999,423.615002,1186346.00
09/23/2019,421.690002,423.510010,420.140015,421.510010,421.510010,1036800,-,362.874650,402.682000,417.569499,423.996002,1183382.00
09/20/2019,426.010010,427.290009,419.649994,420.350006,420.350006,2848400,-,362.376300,402.538000,415.769499,423.823001,1187242.00
09/19/2019,426.779999,429.880005,425.100006,427.420013,427.420013,831500,-,361.908050,402.336000,414.303999,424.360001,1154146.00
09/18/2019,424.239990,425.709991,419.070007,425.420013,425.420013,808600,-,361.416950,401.931799,412.539499,423.822998,1164232.00
09/17/2019,423.309998,425.359985,419.049988,425.149994,425.149994,736600,-,360.941500,401.447799,410.845998,423.227997,1157512.00
09/16/2019,425.190002,427.000000,419.149994,423.250000,423.250000,908900,-,360.459150,400.932799,409.009499,421.893997,1152220.00
09/13/2019,425.059998,426.649994,421.910004,425.519989,425.519989,890800,-,359.931100,400.501399,407.072499,420.527997,1147004.00
09/12/2019,427.670013,431.429993,423.549988,425.000000,425.000000,1233700,-,359.369650,399.990999,404.843500,418.699997,1137316.00
09/11/2019,420.179993,425.790009,420.179993,425.000000,425.000000,751400,-,358.791800,399.464799,402.352499,416.249997,1126104.00
09/10/2019,418.970001,423.920013,415.970001,421.339996,421.339996,1367700,-,358.194500,398.919599,400.070999,413.598996,1125936.00
09/09/2019,425.989990,427.109985,417.660004,419.779999,419.779999,1192900,-,357.612850,398.396399,397.817999,411.142996,1127672.00
09/06/2019,423.119995,427.899994,421.019989,425.720001,425.720001,973800,-,357.131950,397.828999,395.807500,407.715997,1114872.00
09/05/2019,424.750000,428.950012,420.309998,422.049988,422.049988,1113400,-,356.646050,397.079399,393.523000,404.247998,1114390.00
09/04/2019,415.380005,420.260010,415.220001,419.470001,419.470001,1492900,-,356.128201,396.456599,391.172000,401.256000,1114558.00
09/03/2019,408.079987,413.160004,407.260010,411.809998,411.809998,977800,-,355.634850,395.915999,389.298000,398.463998,1100734.00
08/30/2019,409.119995,412.500000,407.429993,409.589996,409.589996,1140400,-,355.198600,395.573599,387.694499,396.125000,1109222.00
08/29/2019,404.619995,410.089996,403.070007,407.239990,407.239990,892000,-,354.767401,395.357199,386.448000,393.617001,1102256.00
08/28/2019,398.649994,403.500000,395.670013,400.500000,400.500000,806400,-,354.336750,395.167399,385.305000,390.987003,1095868.00
08/27/2019,397.429993,401.399994,395.040009,398.489990,398.489990,1014000,-,353.957500,395.061599,384.549001,388.455002,1099976.00
08/26/2019,387.850006,399.070007,387.130005,396.779999,396.779999,1460500,-,353.606850,394.973199,384.352501,386.543002,1092158.00
08/23/2019,388.839996,395.369995,384.429993,385.510010,385.510010,1333600,-,353.226301,394.879199,384.196001,384.493002,1077558.00
08/22/2019,392.679993,393.130005,387.429993,391.040009,391.040009,891900,-,352.915500,394.963399,384.860001,383.899002,1064034.00
08/21/2019,393.299988,393.940002,389.519989,392.130005,392.130005,973300,-,352.549650,394.965799,385.583000,382.798001,1069956.00
08/20/2019,386.950012,394.200012,386.769989,391.549988,391.549988,1098200,-,352.211900,394.955999,386.460001,381.088000,1068860.00
08/19/2019,388.179993,391.559998,387.049988,388.420013,388.420013,1219900,-,351.856000,395.033199,387.259001,380.132001,1064708.00
08/16/2019,385.329987,386.390015,381.940002,384.510010,384.510010,1188100,-,351.495000,395.145599,388.231000,379.263998,1066526.00
08/15/2019,376.190002,381.899994,375.440002,380.940002,380.940002,1320200,-,351.076700,395.201599,389.495000,379.278998,1052362.00
08/14/2019,375.859985,377.880005,372.579987,375.179993,375.179993,1442200,-,350.647050,395.281999,391.228999,379.622998,1057418.00
08/13/2019,376.230011,384.079987,374.079987,379.369995,379.369995,1745400,-,350.345200,395.531799,393.198000,380.642999,1063536.00
08/12/2019,378.799988,379.790009,372.899994,376.279999,376.279999,1412600,-,349.978600,395.497399,394.971500,382.162000,1054936.00
08/09/2019,380.510010,382.070007,376.600006,379.570007,379.570007,1207300,-,349.686650,395.507799,396.889000,383.898999,1057724.00
08/08/2019,378.190002,382.369995,370.779999,380.029999,380.029999,2052200,-,349.386850,395.500799,398.625999,385.820999,1053492.00
08/07/2019,376.399994,377.390015,371.299988,375.029999,375.029999,2552400,-,349.093400,395.407599,400.137000,388.367999,1038980.00
08/06/2019,379.769989,384.790009,377.480011,381.989990,381.989990,1168600,-,348.808750,395.446999,401.745999,391.832001,1022908.00
08/05/2019,380.070007,382.799988,376.149994,379.739990,379.739990,1796300,-,348.497950,395.307199,402.707500,394.386002,1011480.00
08/02/2019,383.119995,385.750000,379.750000,384.660004,384.660004,1382400,-,348.204450,395.222599,403.690500,397.198001,992894.00
08/01/2019,385.940002,392.850006,383.980011,384.380005,384.380005,1389600,-,347.850600,395.090999,404.541499,399.711002,978554.00
07/31/2019,390.980011,390.989990,382.000000,385.380005,385.380005,2197100,-,347.472400,394.987599,405.322499,402.835001,968550.00
07/30/2019,391.670013,398.619995,391.220001,394.559998,394.559998,916400,-,347.055100,394.825799,405.987999,405.753000,947408.00
07/29/2019,398.779999,402.890015,390.779999,393.649994,393.649994,738000,-,346.632950,394.662799,406.146999,407.781000,946730.00
07/26/2019,380.000000,399.130005,375.059998,398.790009,398.790009,1608400,-,346.277901,394.433599,406.223499,409.879001,951606.00
07/25/2019,407.220001,410.320007,404.579987,405.500000,405.500000,1233500,-,345.885150,394.001599,405.854498,411.431000,938142.00
07/24/2019,407.450012,410.980011,404.820007,409.670013,409.670013,634600,-,345.437850,393.354599,404.991498,411.906000,930402.00
07/23/2019,408.970001,409.600006,403.929993,407.529999,407.529999,764000,-,345.012900,392.538999,404.053497,411.659998,939604.00
07/22/2019,411.000000,411.720001,405.760010,407.859985,407.859985,666400,-,344.601700,391.946199,403.298997,411.028998,936204.00
07/19/2019,417.130005,417.130005,409.380005,409.790009,409.790009,820500,-,344.196851,391.275599,402.640498,410.182999,937548.00
07/18/2019,410.119995,416.049988,409.140015,415.619995,415.619995,696800,-,343.755851,390.526199,402.089497,409.371997,936892.00
07/17/2019,416.589996,416.950012,412.549988,414.559998,414.559998,460000,-,343.307151,389.708599,401.195998,407.809998,940890.00
07/16/2019,414.790009,417.029999,412.779999,414.839996,414.839996,637900,-,342.859701,388.942999,400.228497,406.222998,952888.00
07/15/2019,415.730011,415.730011,411.679993,414.630005,414.630005,1142800,-,342.393851,388.199799,399.189998,404.512997,958472.00
07/12/2019,411.500000,415.140015,409.019989,414.309998,414.309998,1229800,-,341.937551,387.315399,398.062497,402.567996,949180.00
07/11/2019,408.149994,411.700012,406.989990,410.250000,410.250000,1193600,-,341.501201,386.449999,396.832997,400.277997,946166.00
07/10/2019,404.339996,408.260010,402.700012,407.209991,407.209991,1335800,-,341.112901,385.668799,395.878497,398.076996,948746.00
07/09/2019,397.920013,402.670013,396.690002,401.220001,401.220001,472600,-,340.726801,384.944000,395.099998,396.446997,940520.00
07/08/2019,399.869995,402.470001,398.100006,399.399994,399.399994,472000,-,340.369651,384.322599,394.809499,395.568997,946716.00
07/05/2019,397.369995,402.619995,397.369995,401.679993,401.679993,648100,-,340.016601,383.669800,394.541499,395.097998,961094.00
07/03/2019,399.579987,401.970001,397.679993,400.000000,400.000000,406400,-,339.605551,382.846200,393.823000,394.806998,964474.00
07/02/2019,398.839996,399.809998,395.299988,398.690002,398.690002,673100,-,339.196201,382.018800,393.070999,394.581998,971594.00
07/01/2019,400.000000,400.000000,396.019989,397.739990,397.739990,743000,-,338.798801,381.206000,392.520000,394.233997,970338.00
06/28/2019,391.459991,398.000000,390.380005,395.179993,395.179993,1454500,-,338.372601,380.438600,391.515500,393.866998,968294.00
06/27/2019,389.750000,393.630005,387.170013,391.410004,391.410004,552900,-,337.960901,379.768800,390.596500,393.556998,956046.00
06/26/2019,391.489990,392.510010,385.239990,388.239990,388.239990,949700,-,337.555201,379.101600,389.987000,393.387997,954436.00
06/25/2019,391.179993,392.470001,385.750000,390.910004,390.910004,1121800,-,337.139951,378.483600,389.343500,393.679999,950434.00
06/24/2019,396.010010,396.010010,391.010010,392.440002,392.440002,801700,-,336.711351,377.786400,388.648000,393.753000,942678.00
06/21/2019,400.000000,400.000000,390.670013,394.690002,394.690002,1402200,-,336.283201,377.042599,387.775999,394.050000,940426.00
06/20/2019,400.480011,401.380005,395.880005,398.769989,398.769989,792100,-,335.874701,376.235800,386.817000,393.985001,923862.00
06/19/2019,395.630005,398.170013,394.359985,397.750000,397.750000,572600,-,335.432851,375.351600,385.782500,392.839001,924196.00
06/18/2019,397.519989,400.000000,394.670013,395.209991,395.209991,1011800,-,334.989401,374.479400,384.855499,391.560001,929362.00
06/17/2019,393.739990,397.179993,391.299988,394.070007,394.070007,623100,-,334.559101,373.604000,383.959500,390.806003,934070.00
06/14/2019,390.320007,393.209991,386.660004,392.079987,392.079987,730500,-,334.113901,372.637000,383.576500,389.164001,945902.00
06/13/2019,392.910004,392.910004,387.899994,389.720001,389.720001,657400,-,333.675201,371.702800,383.082001,387.636002,955210.00
06/12/2019,391.429993,394.500000,389.940002,391.160004,391.160004,1188000,-,333.229951,370.841000,382.455501,386.586002,966724.00
06/11/2019,397.679993,397.679993,388.630005,391.640015,391.640015,918500,-,332.741101,369.942200,381.555000,385.007001,966026.00
06/10/2019,395.890015,396.890015,392.989990,395.410004,395.410004,890600,-,332.284301,369.047600,380.417500,383.542999,975872.00
06/07/2019,389.000000,395.299988,387.579987,394.040009,394.040009,1310800,-,331.832651,368.196800,379.541501,381.501999,974744.00
06/06/2019,384.619995,388.529999,384.010010,387.309998,387.309998,479900,-,331.337451,367.426200,378.556000,379.648999,975972.00
06/05/2019,389.059998,389.290009,382.410004,384.959991,384.959991,1573000,-,330.899101,366.800600,377.806500,378.725998,989378.00
06/04/2019,380.940002,392.140015,378.510010,387.670013,387.670013,1748100,-,330.484301,366.238200,377.295500,378.150998,985230.00
06/03/2019,376.339996,379.549988,375.239990,377.649994,377.649994,1315400,-,330.024701,365.700400,376.725999,377.112997,1055106.00
05/31/2019,376.160004,380.000000,373.040009,376.799988,376.799988,1552000,-,329.675751,365.472800,376.727499,377.988998,1050798.00
05/30/2019,377.690002,379.929993,375.739990,379.220001,379.220001,995700,-,329.302051,365.185600,376.408000,378.528000,1043652.00
05/29/2019,375.980011,376.609985,372.230011,375.369995,375.369995,1326600,-,328.918201,364.810200,375.999001,378.325000,1047848.00
05/28/2019,377.200012,379.920013,375.079987,377.000000,377.000000,1748800,-,328.567201,364.449800,375.790001,378.103000,1043038.00
05/24/2019,376.739990,379.140015,374.890015,375.000000,375.000000,597200,-,328.173201,364.028201,375.488501,377.292001,1057792.00
05/23/2019,375.429993,377.459991,374.000000,375.510010,375.510010,867000,-,327.783351,363.582401,375.246001,377.581003,1068474.00
05/22/2019,378.209991,380.510010,376.820007,378.079987,378.079987,665400,-,327.405801,363.034800,374.808501,377.463000,1089462.00
05/21/2019,379.390015,381.980011,376.459991,379.209991,379.209991,889400,-,327.033701,362.323401,373.929501,376.887003,1107602.00
05/20/2019,378.429993,380.000000,375.260010,377.290009,377.290009,1140000,-,326.608651,361.560801,372.900502,376.440002,1117852.00
05/17/2019,381.829987,387.410004,381.829987,386.410004,386.410004,882500,-,326.229351,360.765801,371.938501,376.339001,1109082.00
05/16/2019,378.190002,384.000000,378.190002,382.190002,382.190002,981800,-,325.820201,359.838201,370.586501,375.466000,1108284.00
05/15/2019,370.380005,378.339996,368.920013,377.190002,377.190002,935200,-,325.378751,359.005601,369.561501,374.288000,1108450.00
05/14/2019,369.380005,376.660004,368.779999,373.149994,373.149994,846500,-,324.924251,358.336801,368.604500,373.673001,1109764.00
05/13/2019,372.309998,375.540009,367.350006,368.890015,368.890015,1094700,-,324.493051,357.795801,367.814000,373.477002,1120568.00
05/10/2019,372.369995,378.299988,369.799988,377.890015,377.890015,594000,-,324.021851,357.349600,367.171999,373.685001,1123054.00
05/09/2019,369.459991,375.320007,368.329987,374.329987,374.329987,733600,-,323.544001,356.690000,366.039998,372.910999,1131874.00
05/08/2019,374.640015,375.510010,370.140015,372.320007,372.320007,787700,-,323.111451,356.104000,365.040999,372.154001,1144296.00
05/07/2019,372.309998,375.309998,368.200012,374.739990,374.739990,896700,-,322.694051,355.584000,364.152998,370.972000,1150904.00
05/06/2019,372.670013,376.970001,372.579987,376.279999,376.279999,1059900,-,322.276051,355.067200,363.123000,369.361002,1154858.00
05/03/2019,372.119995,377.929993,369.609985,377.679993,377.679993,917100,-,321.892651,354.543200,361.881000,367.538000,1158892.00
05/02/2019,370.970001,371.630005,365.899994,370.410004,370.410004,678200,-,321.514401,353.980400,360.283000,365.707001,1159224.00
05/01/2019,373.130005,378.359985,370.720001,371.040009,371.040009,1079100,-,321.183301,353.567401,359.031000,364.835001,1187906.00
04/30/2019,371.440002,375.000000,368.369995,371.190002,371.190002,1322600,-,320.852301,353.115200,357.810500,363.535999,1190950.00
04/29/2019,370.000000,371.630005,368.579987,370.970001,370.970001,924500,-,320.521451,352.672600,356.562000,362.150998,1187138.00
04/26/2019,368.190002,370.329987,364.690002,370.149994,370.149994,782400,-,320.173451,352.085200,355.359000,360.658997,1185914.00
04/25/2019,357.910004,368.779999,357.320007,366.760010,366.760010,1190900,-,319.851251,351.452000,354.495000,359.168997,1192750.00
04/24/2019,358.040009,361.989990,355.279999,360.500000,360.500000,817100,-,319.558551,350.924800,353.932500,357.927997,1188488.00
04/23/2019,356.500000,361.320007,355.329987,358.630005,358.630005,762400,-,319.278201,350.471200,353.709000,357.333997,1197178.00
04/22/2019,358.540009,359.910004,356.459991,358.049988,358.049988,610300,-,318.965951,350.181800,353.619499,356.884998,1198116.00
04/18/2019,367.200012,367.200012,356.790009,359.369995,359.369995,640800,-,318.673251,349.911000,353.756000,356.223999,1209728.00
04/17/2019,360.000000,362.250000,358.510010,361.690002,361.690002,842100,-,318.345951,349.593801,354.100999,354.859000,1221252.00
04/16/2019,359.010010,359.670013,356.970001,358.049988,358.049988,472400,-,318.003551,349.174001,354.138499,353.226999,1234380.00
04/15/2019,356.589996,358.380005,355.519989,357.339996,357.339996,749600,-,317.688551,348.753001,354.258501,352.085001,1249428.00
04/12/2019,355.890015,356.950012,354.000000,356.049988,356.049988,734000,-,317.382051,348.425201,354.259001,350.973001,1274406.00
04/11/2019,356.350006,356.589996,353.250000,355.250000,355.250000,689100,-,317.098301,347.925201,354.252502,350.059003,1363246.00
04/10/2019,353.480011,355.470001,353.040009,354.350006,354.350006,574000,-,316.799701,346.618401,354.125502,349.821002,1383980.00
04/09/2019,351.890015,355.559998,350.540009,354.559998,354.559998,808800,-,316.524451,345.327001,353.814502,349.937003,1388144.00
04/08/2019,350.529999,355.119995,350.529999,354.140015,354.140015,830900,-,316.210951,344.053001,353.212003,350.084003,1394700.00
04/05/2019,345.790009,352.200012,344.989990,351.440002,351.440002,1247200,-,315.891951,342.798401,352.559001,350.354001,1404546.00
04/04/2019,346.250000,347.000000,343.950012,345.720001,345.720001,1214700,-,315.599701,341.521201,351.864001,351.288000,1408390.00
04/03/2019,348.660004,349.100006,343.149994,345.369995,345.369995,1195900,-,315.347351,340.297401,351.579501,353.342999,1415966.00
04/02/2019,346.750000,347.510010,344.359985,346.630005,346.630005,1233100,-,315.106501,339.089401,351.339001,355.050000,1440130.00
04/01/2019,349.809998,350.600006,343.700012,346.220001,346.220001,1153100,-,314.851401,337.984800,351.195001,356.432001,1447820.00
03/29/2019,352.119995,354.600006,345.670013,346.910004,346.910004,1410800,-,314.545401,336.948600,351.189001,357.545001,1441586.00
03/28/2019,356.170013,358.609985,352.220001,352.869995,352.869995,834200,-,314.265751,335.886600,351.172501,358.446002,1433476.00
03/27/2019,356.390015,360.260010,354.769989,355.510010,355.510010,1372200,-,313.916701,334.709200,350.774501,358.430002,1439840.00
03/26/2019,356.799988,358.720001,354.589996,356.029999,356.029999,1150200,-,313.525451,333.430200,350.250500,357.692001,1436786.00
03/25/2019,360.750000,362.510010,355.769989,356.839996,356.839996,1365600,-,313.136251,332.200400,349.765001,356.340002,1431918.00
03/22/2019,365.700012,366.489990,360.380005,360.779999,360.779999,5241900,-,312.727501,330.917001,349.368001,354.764001,1438628.00
03/21/2019,361.799988,368.019989,360.850006,366.269989,366.269989,1100000,-,312.253351,329.654201,348.833000,352.440002,1358618.00
03/20/2019,360.579987,365.640015,358.690002,362.440002,362.440002,1194700,-,311.761901,328.343001,347.996501,349.816003,1357640.00
03/19/2019,359.480011,363.250000,357.549988,360.450012,360.450012,1205500,-,311.259051,327.123601,347.362502,347.628003,1359914.00
03/18/2019,356.519989,359.720001,355.470001,357.350006,357.350006,1086100,-,310.762001,325.969401,346.761501,345.958002,1382536.00
03/15/2019,352.359985,356.899994,350.850006,355.920013,355.920013,2486500,-,310.309951,324.572401,346.347000,344.833002,1384340.00
03/14/2019,348.970001,354.470001,346.220001,352.709991,352.709991,1131300,-,309.862151,323.213800,345.631000,343.898999,1360536.00
03/13/2019,343.989990,350.059998,342.519989,348.130005,348.130005,1916400,-,309.449601,321.859000,344.920000,343.119000,1359416.00
03/12/2019,342.399994,342.660004,339.700012,342.510010,342.510010,1572400,-,309.051101,320.598000,344.533499,342.809000,1341796.00
03/11/2019,337.690002,341.880005,336.040009,341.079987,341.079987,1401900,-,308.709001,319.442400,344.298999,343.189999,1335198.00
03/08/2019,337.399994,339.779999,335.529999,337.540009,337.540009,701500,-,308.341901,318.334800,344.453000,343.972000,1334356.00
03/07/2019,339.809998,341.670013,337.010010,340.029999,340.029999,842600,-,307.986951,317.054400,344.801500,345.225998,1340506.00
03/06/2019,344.779999,344.779999,339.750000,340.559998,340.559998,990100,-,307.637651,315.932400,344.975500,346.176999,1395516.00
03/05/2019,345.220001,346.989990,337.040009,343.750000,343.750000,1000900,-,307.275701,314.930200,344.982501,347.097000,1425478.00
03/04/2019,348.880005,349.839996,343.549988,346.100006,346.100006,1386700,-,306.918601,314.007200,344.645001,347.564999,1444204.00
03/01/2019,347.519989,347.519989,344.959991,346.579987,346.579987,1219000,-,306.539651,313.203800,344.387502,347.860999,1454706.00
02/28/2019,345.160004,347.429993,344.309998,344.910004,344.910004,1035000,-,306.170951,312.457800,343.611002,347.363000,1466908.00
02/27/2019,344.589996,345.850006,342.910004,345.029999,345.029999,1354700,-,305.810451,311.748000,340.861002,346.720999,1465394.00
02/26/2019,348.829987,348.829987,345.559998,346.320007,346.320007,1118100,-,305.449451,311.077001,338.098502,346.257999,1459562.00
02/25/2019,352.339996,353.750000,347.880005,348.899994,348.899994,1094400,-,305.068501,310.486201,335.325500,345.407999,1456370.00
02/22/2019,350.920013,353.500000,348.760010,350.079987,350.079987,1261600,-,304.679051,309.759001,332.451001,344.934000,1453430.00
02/21/2019,348.279999,350.279999,343.850006,349.540009,349.540009,933700,-,304.319151,309.070201,329.326001,344.377002,1448238.00
02/20/2019,349.299988,351.390015,347.859985,349.760010,349.760010,2112300,-,303.951801,308.393401,326.075500,343.774002,1452852.00
02/19/2019,347.670013,350.779999,347.010010,348.429993,348.429993,1231300,-,303.559801,307.933801,322.836000,342.868002,1436844.00
02/15/2019,344.690002,349.769989,341.920013,349.059998,349.059998,1132000,-,303.191551,307.402001,319.984500,341.725003,1440054.00
02/14/2019,336.359985,343.269989,335.220001,341.600006,341.600006,863300,-,302.843251,306.954802,317.252000,340.914005,1440602.00
02/13/2019,340.600006,343.320007,336.380005,338.489990,338.489990,1124200,-,302.491701,306.706802,314.862500,339.859003,1459026.00
02/12/2019,341.040009,342.000000,339.109985,340.399994,340.399994,977800,-,302.115901,306.543602,312.638000,335.001004,1458236.00
02/11/2019,343.320007,344.720001,335.709991,337.820007,337.820007,1251600,-,301.904651,306.309202,310.196001,329.939005,1463470.00
02/08/2019,341.359985,344.640015,338.869995,344.160004,344.160004,809300,-,301.717301,305.905602,308.032001,325.243002,1452250.00
02/07/2019,340.179993,344.649994,337.720001,344.510010,344.510010,1190900,-,301.502901,305.287002,305.457501,319.968002,1460864.00
02/06/2019,340.000000,343.790009,338.910004,343.510010,343.510010,1217000,-,301.330201,304.585402,303.114001,314.275000,1450474.00
02/05/2019,337.709991,341.000000,332.769989,340.700012,340.700012,1498500,-,301.167350,303.826002,300.974001,308.376999,1448064.00
02/04/2019,338.649994,343.899994,336.390015,337.000000,337.000000,1224800,-,301.041600,303.112202,299.012500,302.803998,1474818.00
02/01/2019,331.869995,343.140015,330.920013,340.950012,340.950012,1998500,-,300.943900,302.844202,297.299500,298.243997,1480084.00
01/31/2019,320.010010,338.309998,319.299988,331.049988,331.049988,5176000,-,300.791550,302.596002,294.626999,293.589996,1464624.00
01/30/2019,289.570007,293.100006,288.000000,289.910004,289.910004,1725800,-,300.700500,302.344602,292.473999,289.865997,1384676.00
01/29/2019,290.700012,292.970001,287.579987,289.779999,289.779999,782200,-,300.780500,302.962402,292.226999,290.274997,1369138.00
01/28/2019,289.380005,291.730011,287.309998,290.859985,290.859985,1136600,-,300.863300,303.658002,291.991998,290.452997,1370200.00
01/25/2019,290.000000,291.609985,286.799988,291.410004,291.410004,1323200,-,300.925650,304.307802,291.685500,290.820999,1364798.00
01/24/2019,281.070007,288.000000,281.070007,287.579987,287.579987,1439400,-,301.009800,304.901802,291.400000,290.947000,1353470.00
01/23/2019,287.359985,291.350006,279.329987,284.529999,284.529999,1593500,-,301.154450,305.643202,290.697000,291.953003,1346188.00
01/22/2019,288.660004,290.920013,283.019989,284.970001,284.970001,2404100,-,301.285150,306.519802,290.667000,293.571002,1332048.00
01/18/2019,297.239990,297.239990,289.570007,291.399994,291.399994,1617600,-,301.445400,307.233802,290.941000,295.221002,1300680.00
01/17/2019,292.320007,295.600006,290.760010,294.410004,294.410004,841400,-,301.546850,307.872802,291.251001,296.355002,1284070.00
01/16/2019,293.190002,295.829987,290.940002,293.809998,293.809998,1005300,-,301.606650,308.342002,291.827000,295.664001,1294740.00
01/15/2019,291.670013,294.119995,290.500000,294.000000,294.000000,1152400,-,301.656950,308.957402,292.600500,295.082001,1303452.00
01/14/2019,292.989990,298.200012,290.760010,291.559998,291.559998,1219500,-,301.743050,309.484802,293.371501,294.179001,1319874.00
01/11/2019,291.019989,295.029999,290.829987,294.540009,294.540009,906800,-,301.816550,309.978002,294.367502,293.531000,1325974.00
01/10/2019,295.470001,297.100006,291.010010,292.670013,292.670013,1701100,-,301.894950,310.104202,295.479501,292.550000,1346504.00
01/09/2019,301.929993,301.940002,295.500000,297.640015,297.640015,1241400,-,301.992500,310.151002,296.473001,291.853000,1403876.00
01/08/2019,300.399994,305.720001,300.119995,300.709991,300.709991,1051100,-,302.066250,310.494401,297.373001,289.440997,1415456.00
01/07/2019,301.130005,304.109985,299.260010,301.470001,301.470001,1308400,-,302.177550,310.601201,298.122502,287.762997,1421072.00
01/04/2019,291.109985,305.119995,288.619995,302.739990,302.739990,2336600,-,302.297550,310.929601,299.388002,286.660999,1416316.00
01/03/2019,284.619995,294.000000,284.619995,287.500000,287.500000,1176300,-,302.421900,311.267001,300.343002,286.147000,1387284.00
01/02/2019,279.890015,289.519989,279.109985,287.989990,287.989990,1296300,-,302.649350,311.943801,302.303003,287.989999,1385962.00
12/31/2018,286.730011,287.940002,280.750000,284.970001,284.970001,1075300,-,302.920250,312.546002,304.363504,290.119000,1394682.00
12/28/2018,287.700012,290.519989,274.709991,285.079987,285.079987,1035400,-,303.193150,313.243201,306.631503,292.564001,1395484.00
12/27/2018,281.779999,284.750000,274.079987,284.730011,284.730011,1242500,-,303.472550,313.962402,308.811504,295.204004,1398608.00
12/26/2018,275.339996,285.850006,272.910004,285.700012,285.700012,1359800,-,303.798950,314.545602,310.457004,298.409003,1400788.00
12/24/2018,283.690002,284.980011,273.309998,273.519989,273.519989,1009000,-,304.166550,315.006401,311.833504,301.093002,1406882.00
12/21/2018,287.980011,296.440002,282.730011,283.929993,283.929993,3593100,-,304.536900,315.574402,313.629004,305.305005,1425810.00
12/20/2018,296.380005,298.920013,289.709991,290.450012,290.450012,2488200,-,304.823200,316.098402,314.709505,308.482007,1382274.00
12/19/2018,305.309998,311.029999,296.730011,297.600006,297.600006,1937200,-,305.064300,316.742202,315.437505,312.115005,1347720.00
12/18/2018,311.869995,313.410004,302.619995,305.929993,305.929993,1911800,-,305.266100,317.195002,316.737505,314.539005,1333602.00
12/17/2018,310.000000,311.959991,307.119995,309.279999,309.279999,1829100,-,305.469450,317.397202,317.868005,316.616006,1327082.00
12/14/2018,308.549988,313.899994,307.510010,309.420013,309.420013,959300,-,305.586800,317.705202,318.328006,318.608008,1324786.00
12/13/2018,318.640015,321.179993,308.250000,311.480011,311.480011,1063100,-,305.736750,318.022602,318.897005,320.699005,1339924.00
12/12/2018,317.700012,323.679993,315.829987,316.779999,316.779999,958500,-,305.889000,318.330802,319.551004,322.419003,1344208.00
12/11/2018,319.570007,321.019989,310.070007,312.540009,312.540009,947400,-,306.061200,318.427002,319.879504,322.505005,1355170.00
12/10/2018,316.339996,316.910004,308.839996,315.640015,315.640015,1002000,-,306.288600,318.693802,320.308003,322.574005,1356962.00
12/07/2018,323.910004,326.940002,312.329987,315.700012,315.700012,1164400,-,306.535700,318.882402,320.758502,321.953003,1352526.00
12/06/2018,318.579987,326.970001,313.829987,326.779999,326.779999,1311900,-,306.740950,319.001802,321.391501,320.937003,1353934.00
12/04/2018,326.959991,330.859985,318.329987,321.839996,321.839996,1391800,-,306.911900,318.933602,321.086002,318.760004,1359970.00
12/03/2018,331.709991,334.309998,323.529999,326.700012,326.700012,1159400,-,307.096550,319.037602,321.161502,318.936005,1364462.00
11/30/2018,331.279999,333.239990,324.950012,329.200012,329.200012,1784500,-,307.291350,319.155402,320.720001,319.120004,1417512.00
11/29/2018,325.540009,334.760010,325.540009,330.329987,330.329987,1084700,-,307.463700,319.171201,320.489000,318.048004,1402920.00
11/28/2018,317.769989,329.089996,316.000000,328.679993,328.679993,1239500,-,307.606750,319.160402,319.991000,317.095004,1417420.00
11/27/2018,312.279999,320.170013,311.510010,317.640015,317.640015,690600,-,307.741750,319.162602,319.368001,316.683005,1431630.00
11/26/2018,313.540009,314.130005,308.779999,313.230011,313.230011,1240000,-,307.942950,319.199202,318.528500,317.254004,1442460.00
11/23/2018,302.929993,311.700012,302.459991,309.429993,309.429993,671400,-,308.123950,319.297202,317.617500,318.042001,1431768.00
11/21/2018,305.350006,311.420013,304.779999,305.540009,305.540009,1096500,-,308.320050,319.492802,317.886501,319.564001,1449664.00
11/20/2018,319.989990,322.130005,303.649994,305.010010,305.010010,2836200,-,308.610100,319.632001,317.912000,321.845999,1480670.00
11/19/2018,329.459991,331.170013,321.570007,323.600006,323.600006,1488100,-,308.933800,319.788601,318.556000,323.412000,1450870.00
11/16/2018,317.279999,330.570007,317.140015,328.540009,328.540009,1225500,-,309.178650,319.522001,318.356499,323.387000,1446260.00
11/15/2018,319.269989,321.040009,309.959991,318.480011,318.480011,1178600,-,309.473450,319.055001,317.996498,322.319998,1452898.00
11/14/2018,326.320007,329.049988,320.190002,320.799988,320.799988,948900,-,309.736950,318.789200,317.977498,322.929996,1447088.00
11/13/2018,323.480011,330.970001,323.480011,324.559998,324.559998,835300,-,310.019200,318.509401,317.928998,322.886996,1457430.00
11/12/2018,320.359985,326.329987,319.760010,323.350006,323.350006,866500,-,310.279250,318.278000,317.752998,322.052997,1480338.00
11/09/2018,322.989990,327.679993,316.630005,321.109985,321.109985,756800,-,310.535000,318.019000,317.279999,319.802997,1488130.00
11/08/2018,326.190002,329.910004,322.320007,324.649994,324.649994,1075300,-,310.814450,317.778000,316.661499,317.192999,1499240.00
11/07/2018,324.559998,329.869995,322.570007,328.359985,328.359985,886500,-,311.066900,317.468000,315.525000,316.209000,1499372.00
11/06/2018,325.290009,326.980011,317.809998,320.670013,320.670013,835700,-,311.306000,317.001401,314.613501,313.978000,1506942.00
11/05/2018,319.480011,325.970001,318.339996,323.350006,323.350006,787100,-,311.548900,316.674800,314.712001,313.700000,1514472.00
11/02/2018,325.929993,329.570007,309.519989,317.869995,317.869995,1374900,-,311.783400,316.221201,314.556500,313.325998,1522180.00
11/01/2018,319.779999,330.450012,317.000000,324.579987,324.579987,1440900,-,312.024300,315.731601,314.465001,313.672998,1534862.00
10/31/2018,318.359985,325.869995,317.239990,320.369995,320.369995,1973500,-,312.227650,315.245601,314.470001,313.025000,1542090.00
10/30/2018,302.359985,316.940002,301.850006,316.220001,316.220001,1524500,-,312.415000,314.939801,314.716002,312.970999,1551708.00
10/29/2018,299.130005,310.380005,296.049988,300.850006,300.850006,1933300,-,312.598550,314.515401,315.249503,313.453000,1555128.00
10/26/2018,297.000000,302.549988,284.350006,295.010010,295.010010,4569700,-,312.864300,314.491201,316.286502,314.757001,1538352.00
10/25/2018,312.230011,318.250000,305.429993,314.809998,314.809998,1820400,-,313.165600,314.631001,317.830002,316.129999,1475118.00
10/24/2018,318.119995,321.690002,305.179993,306.049988,306.049988,1331900,-,313.345700,314.249801,318.343002,314.841000,1486432.00
10/23/2018,315.670013,319.799988,311.989990,317.890015,317.890015,1070600,-,313.589250,314.286001,319.124004,315.249002,1493690.00
10/22/2018,322.769989,325.000000,318.260010,319.609985,319.609985,885000,-,313.782550,313.969401,319.398003,315.724002,1498810.00
10/19/2018,319.100006,324.559998,316.470001,321.339996,321.339996,1110200,-,313.938900,313.626201,319.769504,315.787003,1516104.00
10/18/2018,320.100006,320.459991,314.040009,318.100006,318.100006,1732300,-,314.081150,313.302802,320.332004,315.257004,1522956.00
10/17/2018,320.959991,321.510010,315.000000,319.829987,319.829987,1115400,-,314.255800,312.904802,320.926503,315.915002,1510346.00
10/16/2018,316.070007,322.839996,314.269989,321.040009,321.040009,1191600,-,314.401500,312.448802,321.424504,316.461005,1533852.00
10/15/2018,309.679993,317.510010,308.589996,313.890015,313.890015,1351500,-,314.476100,312.028002,321.812004,317.046005,1527148.00
10/12/2018,305.339996,310.380005,303.399994,308.739990,308.739990,1664500,-,314.596800,311.823401,322.091003,317.816003,1524094.00
10/11/2018,310.239990,311.890015,298.660004,301.920013,301.920013,1955400,-,314.719350,311.532602,322.560504,319.530005,1512088.00
10/10/2018,322.549988,324.380005,309.320007,310.130005,310.130005,1416300,-,314.911750,311.522802,323.425003,321.845004,1493824.00
10/09/2018,320.700012,325.890015,317.100006,322.640015,322.640015,760500,-,315.052100,311.411801,323.543503,322.999005,1516170.00
10/08/2018,314.779999,321.190002,314.609985,320.239990,320.239990,1231300,-,315.103600,310.837001,323.053502,323.072003,1522636.00
10/05/2018,325.940002,326.160004,313.320007,316.040009,316.040009,1585800,-,315.084300,310.158001,322.555002,323.752005,1525022.00
10/04/2018,324.089996,326.320007,321.109985,324.679993,324.679993,1714300,-,315.088950,309.575401,322.012502,325.407004,1532548.00
10/03/2018,328.529999,329.140015,323.059998,325.290009,325.290009,1716200,-,315.081700,308.574801,321.038002,325.938004,1533468.00
10/02/2018,321.000000,326.959991,319.589996,326.890015,326.890015,1277300,-,315.066800,307.715401,320.114001,326.388004,1523300.00
10/01/2018,327.660004,327.989990,319.450012,321.589996,321.589996,1506600,-,315.075750,306.934001,319.419000,326.578003,1517112.00
09/28/2018,324.089996,327.260010,321.390015,325.880005,325.880005,1037000,-,315.112800,306.279001,318.859500,326.366003,1508852.00
09/27/2018,321.700012,328.779999,320.380005,325.070007,325.070007,780200,-,315.133349,305.584201,318.018500,325.591003,1516848.00
09/26/2018,324.260010,326.980011,320.850006,321.670013,321.670013,1234800,-,315.165449,305.074801,317.222499,325.005002,1541398.00
09/25/2018,326.380005,327.869995,323.000000,323.369995,323.369995,1613700,-,315.179599,304.682001,316.390498,324.088000,1529030.00
09/24/2018,330.839996,332.429993,325.880005,327.040009,327.040009,1616400,-,315.188849,304.298401,315.438998,323.035001,1510958.00
09/21/2018,331.160004,334.980011,329.489990,332.589996,332.589996,3811900,-,315.166849,303.854401,314.120499,321.357999,1492026.00
09/20/2018,331.850006,332.709991,329.380005,329.989990,329.989990,1054900,-,315.158649,303.303000,312.160500,318.617999,1431744.00
09/19/2018,328.589996,331.970001,328.589996,329.790009,329.790009,1809700,-,315.178699,302.730601,310.675000,316.138000,1427038.00
09/18/2018,319.609985,330.459991,319.170013,328.790009,328.790009,1950000,-,315.211099,302.249000,309.439499,313.839999,1412892.00
09/17/2018,318.989990,321.440002,316.299988,319.470001,319.470001,1232100,-,315.198199,301.837600,307.749998,312.259998,1391894.00
09/14/2018,320.000000,320.250000,316.109985,318.130005,318.130005,705400,-,315.259199,301.536800,306.758499,311.352997,1389638.00
09/13/2018,315.339996,324.890015,314.799988,319.209991,319.209991,1566200,-,315.297999,301.097800,305.951999,310.445996,1397230.00
09/12/2018,311.459991,313.049988,304.769989,312.500000,312.500000,2646800,-,315.311149,300.703800,304.778999,309.439996,1379192.00
09/11/2018,310.829987,314.700012,309.540009,312.839996,312.839996,1346200,-,315.393549,300.332000,304.546999,308.692996,1344448.00
09/10/2018,307.500000,310.519989,306.380005,310.269989,310.269989,1257600,-,315.500699,299.939400,304.007999,307.842996,1345486.00
09/07/2018,303.359985,308.510010,303.089996,305.190002,305.190002,1557400,-,315.641450,299.635000,303.617000,306.882999,1340168.00
09/06/2018,306.149994,310.579987,303.450012,305.190002,305.190002,888100,-,315.807350,299.452000,303.616000,305.703000,1328158.00
09/05/2018,312.329987,314.640015,305.929993,306.809998,306.809998,1466000,-,315.989100,299.334200,303.266501,305.212000,1330958.00
09/04/2018,309.820007,316.670013,306.869995,312.989990,312.989990,1980700,-,316.158200,299.108600,302.777501,305.038998,1334906.00
08/31/2018,309.179993,313.109985,307.500000,310.399994,310.399994,1256100,-,316.264350,298.834800,302.128001,303.239999,1324546.00
08/30/2018,308.250000,309.429993,306.209991,309.059998,309.059998,1312300,-,316.396400,298.464000,301.791002,302.164001,1316322.00
08/29/2018,305.459991,310.290009,303.869995,309.149994,309.149994,1081900,-,316.569700,298.089600,301.048003,301.458002,1321290.00
08/28/2018,305.489990,310.040009,303.850006,305.029999,305.029999,1265000,-,316.716150,297.766400,300.662003,300.118002,1326550.00
08/27/2018,302.549988,305.869995,300.730011,304.339996,304.339996,1212200,-,316.897000,297.570800,300.639502,300.401001,1349064.00
08/24/2018,294.029999,301.839996,292.929993,300.670013,300.670013,1172500,-,317.064800,297.428000,300.117502,300.173001,1373104.00
08/23/2018,299.140015,299.160004,292.709991,293.390015,293.390015,2009000,-,317.276500,297.326799,299.398502,300.351001,1397242.00
08/22/2018,302.269989,306.130005,297.579987,300.279999,300.279999,1802300,-,317.551550,297.159399,299.074501,301.529001,1408696.00
08/21/2018,295.000000,307.679993,295.000000,305.079987,305.079987,2454400,-,317.727300,296.973399,297.793001,301.321002,1444990.00
08/20/2018,300.630005,300.790009,294.839996,295.000000,295.000000,1695500,-,317.890200,296.532999,296.655002,300.516003,1436536.00
08/17/2018,302.320007,303.730011,298.929993,299.640015,299.640015,1094500,-,318.106300,296.178199,296.296002,301.016003,1460686.00
08/16/2018,296.660004,303.950012,296.540009,302.000000,302.000000,1408000,-,318.278950,295.749199,295.756001,301.418002,1475614.00
08/15/2018,305.440002,305.929993,294.779999,295.750000,295.750000,2386100,-,318.388850,295.210999,295.213002,300.638004,1480356.00
08/14/2018,303.670013,308.690002,301.239990,307.859985,307.859985,1694800,-,318.508900,294.614999,295.405502,301.206003,1456212.00
08/13/2018,303.540009,304.630005,299.720001,302.059998,302.059998,1326600,-,318.551050,293.817400,295.114003,300.878003,1451752.00
08/10/2018,302.859985,304.950012,302.059998,302.450012,302.450012,1749700,-,318.765300,293.013600,295.220503,300.062003,1459048.00
08/09/2018,299.320007,307.529999,298.970001,305.170013,305.170013,1452800,-,318.954350,292.185400,295.340002,298.446002,1486700.00
08/08/2018,297.859985,298.929993,296.239990,298.200012,298.200012,1101800,-,319.153850,291.420800,295.332501,296.620001,1484690.00
08/07/2018,294.000000,299.859985,293.570007,297.029999,297.029999,2290700,-,319.416650,290.783999,295.491000,294.264999,1486286.00
08/06/2018,303.910004,304.799988,299.839996,300.000000,300.000000,856400,-,319.689850,290.247399,295.925000,292.794000,1455862.00
08/03/2018,293.940002,305.000000,293.739990,303.660004,303.660004,1198800,-,319.950200,289.615999,296.336000,291.576001,1464566.00
08/02/2018,297.420013,299.640015,293.970001,294.200012,294.200012,1064200,-,320.221100,289.024599,296.374500,290.094000,1468970.00
08/01/2018,304.989990,305.290009,300.390015,301.429993,301.429993,1042200,-,320.563100,288.493799,296.473499,289.788000,1474006.00
07/31/2018,307.130005,314.880005,302.200012,304.579987,304.579987,2533600,-,320.842950,287.796199,296.377499,289.605002,1494474.00
07/30/2018,284.609985,294.279999,283.510010,293.899994,293.899994,1083800,-,321.098600,287.107999,295.844000,289.350003,1476662.00
07/27/2018,286.390015,291.010010,280.589996,286.290009,286.290009,1350600,-,321.454700,286.593400,295.809500,290.379004,1481020.00
07/26/2018,280.059998,288.989990,276.589996,286.910004,286.910004,1962100,-,321.847850,286.314199,296.247499,292.234003,1491238.00
07/25/2018,281.609985,283.140015,271.559998,274.649994,274.649994,1760300,-,322.243550,285.982199,296.703999,294.045001,1487496.00
07/24/2018,288.010010,288.880005,281.989990,282.320007,282.320007,1207800,-,322.707300,285.945999,297.936499,296.717001,1488468.00
07/23/2018,288.829987,288.829987,285.089996,287.820007,287.820007,967900,-,323.144300,285.755799,298.596999,299.056000,1500826.00
07/20/2018,291.459991,291.559998,286.820007,288.839996,288.839996,1093600,-,323.560650,285.455999,299.170998,301.095999,1521148.00
07/19/2018,299.980011,299.980011,290.910004,291.140015,291.140015,1436800,-,323.964000,285.081799,299.321997,302.654999,1530494.00
07/18/2018,301.369995,303.170013,298.209991,299.600006,299.600006,2007700,-,324.328850,284.679199,299.281996,303.158997,1534494.00
07/17/2018,301.260010,304.769989,300.399994,302.029999,302.029999,616400,-,324.647950,284.249199,298.951495,303.149997,1517276.00
07/16/2018,305.649994,307.059998,301.859985,304.190002,304.190002,710100,-,324.942550,283.729999,298.612495,302.337997,1529782.00
07/13/2018,305.089996,305.959991,302.299988,304.839996,304.839996,669800,-,325.235850,283.073398,298.262996,301.239996,1559560.00
07/12/2018,301.609985,306.339996,299.119995,305.019989,305.019989,797800,-,325.506850,282.472198,297.801495,300.260995,1589000.00
07/11/2018,303.549988,307.709991,300.760010,301.369995,301.369995,819600,-,325.769650,281.959799,296.801495,299.362997,1644998.00
07/10/2018,309.410004,309.410004,302.670013,305.709991,305.709991,1102400,-,326.064300,281.358199,296.281996,299.155997,1757260.00
07/09/2018,305.829987,310.570007,304.649994,308.220001,308.220001,900100,-,326.341150,280.510599,295.149496,298.137997,2045660.00
07/06/2018,297.429993,305.149994,296.790009,304.429993,304.429993,1119300,-,326.635100,280.309199,293.601497,297.245996,2057904.00
07/05/2018,300.149994,302.040009,293.440002,296.179993,296.179993,1085000,-,326.933050,280.227599,292.289497,295.988995,2077354.00
07/03/2018,296.190002,300.079987,294.399994,299.510010,299.510010,664300,-,327.293000,280.329599,291.234998,295.404996,2076732.00
07/02/2018,292.130005,294.940002,290.260010,293.910004,293.910004,909600,-,327.642800,280.538799,289.556998,294.752994,2079836.00
06/29/2018,290.339996,299.070007,286.829987,293.209991,293.209991,1398100,-,328.053250,280.879399,288.260498,294.886993,2079960.00
06/28/2018,297.170013,298.799988,292.339996,295.049988,295.049988,991700,-,328.512850,281.326199,286.693498,295.285995,2074268.00
06/27/2018,299.619995,301.000000,295.730011,296.040009,296.040009,956900,-,328.945450,281.774399,284.992999,295.341995,2074966.00
06/26/2018,295.700012,300.179993,292.329987,299.299988,299.299988,1028100,-,329.370300,282.063199,283.537999,294.239993,2081964.00
06/25/2018,296.700012,301.239990,293.850006,295.529999,295.529999,1663400,-,329.838300,282.333999,281.890999,293.407996,2088074.00
06/22/2018,292.390015,302.429993,292.390015,299.299988,299.299988,1462700,-,330.338850,282.541599,280.624500,292.160995,2074088.00
06/21/2018,295.850006,296.730011,291.010010,291.859985,291.859985,844900,-,330.854850,282.682399,279.081000,289.956998,2078218.00
06/20/2018,296.760010,298.510010,288.549988,290.339996,290.339996,1560700,-,331.362150,282.911799,278.192500,288.589999,2094228.00
06/19/2018,289.190002,295.000000,286.309998,292.989990,292.989990,1344900,-,331.872850,283.269799,277.058501,287.064999,2094498.00
06/18/2018,290.790009,297.089996,290.790009,295.250000,295.250000,2390700,-,332.400601,283.740200,275.736501,284.361002,2090480.00
06/15/2018,295.630005,298.720001,292.380005,297.200012,297.200012,2414200,-,332.891201,284.048600,274.482501,281.634003,2067366.00
06/14/2018,285.049988,297.250000,283.679993,295.609985,295.609985,2379400,-,333.349301,284.444999,273.031001,278.101001,2036592.00
06/13/2018,295.000000,295.579987,283.220001,285.019989,285.019989,2581700,-,333.817401,284.766600,271.867001,274.644003,2026146.00
06/12/2018,283.100006,293.500000,283.100006,290.980011,290.980011,3617000,-,334.336251,285.193600,271.131502,272.836005,2008648.00
06/11/2018,276.570007,284.100006,275.980011,283.059998,283.059998,2031700,-,334.827501,285.451400,270.224501,270.374002,1971368.00
06/08/2018,277.399994,279.459991,274.149994,277.260010,277.260010,2903000,-,335.363851,286.014600,269.712001,269.088004,1961166.00
06/07/2018,274.350006,279.540009,270.869995,278.190002,278.190002,1840900,-,335.962801,286.594600,269.490500,268.205002,1929218.00
06/06/2018,266.119995,278.200012,266.000000,275.089996,275.089996,1645100,-,336.554101,287.235200,269.087500,267.795001,1922284.00
06/05/2018,267.660004,270.720001,265.160004,265.950012,265.950012,1178900,-,337.143501,287.977000,268.883501,267.052002,1924332.00
06/04/2018,262.100006,268.890015,260.390015,267.980011,267.980011,1471800,-,337.780551,288.905800,269.491000,267.112000,1924662.00
06/01/2018,261.700012,266.450012,260.000000,261.869995,261.869995,1691400,-,338.444550,290.005599,269.895500,267.331000,1950610.00
05/31/2018,264.730011,267.059998,259.480011,261.040009,261.040009,3132300,-,339.123851,291.277599,270.370000,267.961002,1934928.00
05/30/2018,267.140015,268.739990,262.160004,266.940002,266.940002,1352300,-,339.824050,292.608999,271.056999,269.089999,1894040.00
05/29/2018,268.000000,271.029999,264.829987,266.359985,266.359985,1181600,-,340.461800,293.929999,271.679999,269.426999,1894396.00
05/25/2018,268.519989,271.420013,267.899994,270.200012,270.200012,769500,-,341.123400,295.446199,271.926500,270.075000,1928424.00
05/24/2018,274.089996,274.089996,267.950012,268.429993,268.429993,1291600,-,341.776900,296.833199,271.582999,270.335999,1929716.00
05/23/2018,265.470001,275.049988,265.220001,274.089996,274.089996,1419000,-,342.383500,298.283799,273.068999,270.775998,1929860.00
05/22/2018,267.619995,268.809998,267.019989,267.660004,267.660004,1316000,-,342.918150,299.802199,274.381999,270.379999,1917946.00
05/21/2018,270.000000,270.000000,265.239990,266.549988,266.549988,2065600,-,343.503000,301.633399,276.062999,270.714999,1931652.00
05/18/2018,267.690002,270.589996,266.730011,270.170013,270.170013,1643000,-,344.091750,303.254199,278.234000,271.870001,1909144.00
05/17/2018,271.970001,273.160004,267.829987,268.170013,268.170013,1301700,-,344.668600,304.674599,280.272499,272.460001,1897450.00
05/16/2018,270.799988,274.290009,266.739990,272.329987,272.329987,1861500,-,345.264850,306.084599,282.641498,272.778998,1892594.00
05/15/2018,272.329987,274.329987,266.859985,270.309998,270.309998,1775000,-,345.863050,307.397199,284.897998,273.023999,1879130.00
05/14/2018,272.399994,277.890015,270.369995,272.839996,272.839996,1808900,-,346.362800,308.922999,286.906499,273.932999,1898438.00
05/11/2018,273.510010,274.559998,269.299988,272.809998,272.809998,1825700,-,346.833100,310.121199,288.906499,273.778000,1901986.00
05/10/2018,271.250000,275.640015,269.970001,272.829987,272.829987,1984000,-,347.212900,311.453199,290.561499,272.829999,1892742.00
05/09/2018,272.459991,273.190002,269.929993,270.130005,270.130005,1560900,-,347.588750,312.835200,292.237000,275.362000,1874376.00
05/08/2018,277.000000,277.869995,269.109985,271.010010,271.010010,1636800,-,347.978500,314.457000,293.896999,278.384000,1862086.00
05/07/2018,276.239990,280.160004,273.920013,278.100006,278.100006,1146800,-,348.373800,316.197199,295.758498,281.410999,1844754.00
05/04/2018,269.100006,279.179993,267.579987,276.070007,276.070007,1241700,-,348.709800,317.936399,297.678998,284.597998,1834088.00
05/03/2018,273.640015,273.820007,264.750000,271.359985,271.359985,2199000,-,349.062500,319.549999,299.408998,288.084998,1821276.00
05/02/2018,278.000000,279.100006,272.010010,274.779999,274.779999,2141800,-,349.428850,321.342199,301.691998,292.503998,1794862.00
05/01/2018,270.579987,281.329987,267.329987,279.399994,279.399994,3597700,-,349.766500,323.021999,303.537498,296.771997,1768084.00
04/30/2018,264.089996,273.450012,264.089996,271.290009,271.290009,6432700,-,350.083500,324.747199,304.885999,299.879999,1711170.00
04/27/2018,275.140015,279.059998,250.100006,263.329987,263.329987,15522400,-,350.422250,326.594799,306.514998,304.034998,1604450.00
04/26/2018,301.839996,305.380005,296.179993,298.149994,298.149994,1512300,-,350.818850,328.507000,308.909499,308.292999,1312312.00
04/25/2018,300.000000,301.600006,295.339996,300.350006,300.350006,2091800,-,351.017350,329.657599,309.314999,309.112000,1297514.00
04/24/2018,312.529999,313.760010,299.720001,301.279999,301.279999,1053900,-,351.198600,330.808199,309.808499,309.409998,1272780.00
04/23/2018,312.000000,315.040009,309.160004,309.970001,309.970001,819500,-,351.354350,331.771199,310.353499,310.105997,1289866.00
04/20/2018,314.809998,318.700012,310.170013,310.940002,310.940002,915800,-,351.465400,332.544799,310.474500,310.759998,1308874.00
04/19/2018,316.350006,322.890015,314.010010,315.549988,315.549988,1113500,-,351.586250,333.596999,311.075999,310.732999,1321658.00
04/18/2018,311.149994,319.380005,311.149994,317.459991,317.459991,1026600,-,351.651850,334.680999,311.572000,310.879999,1389230.00
04/17/2018,315.269989,317.600006,309.350006,310.480011,310.480011,1306800,-,351.748800,335.783199,312.079500,310.303000,1426150.00
04/16/2018,308.839996,315.399994,304.350006,312.839996,312.839996,1333600,-,351.875100,337.323599,313.204999,309.891998,1487512.00
04/13/2018,307.350006,308.809998,304.059998,305.910004,305.910004,964100,-,352.012400,338.490399,314.671500,308.994998,1499404.00
04/12/2018,304.299988,308.000000,299.230011,306.339996,306.339996,1669200,-,352.132200,339.917199,316.353499,309.525998,1523178.00
04/11/2018,305.390015,307.200012,302.480011,303.329987,303.329987,1645400,-,352.263750,341.321799,318.084499,309.517999,1514626.00
04/10/2018,319.589996,319.589996,307.839996,308.239990,308.239990,1574200,-,352.401100,342.745200,320.418500,310.207001,1500230.00
04/09/2018,311.880005,319.739990,310.670013,316.510010,316.510010,1144000,-,352.530550,344.120400,322.967500,310.601001,1493316.00
04/06/2018,314.880005,316.079987,308.470001,310.670013,310.670013,1235000,-,352.617400,345.293000,324.521500,310.189001,1490072.00
04/05/2018,312.500000,317.640015,311.940002,317.019989,317.019989,875500,-,352.732100,346.603199,326.047499,311.419000,1500538.00
04/04/2018,304.380005,312.470001,302.049988,311.690002,311.690002,1857100,-,352.848300,347.647800,327.130000,312.264001,1503890.00
04/03/2018,305.510010,312.369995,303.790009,306.369995,306.369995,1706800,-,352.990950,348.819000,328.443500,313.856000,1503188.00
04/02/2018,308.910004,310.600006,298.670013,303.869995,303.869995,1753000,-,353.150800,350.012599,330.455000,316.517999,1498120.00
03/29/2018,306.630005,314.660004,303.779999,311.220001,311.220001,1521600,-,353.323100,351.240200,331.899001,320.348001,1493752.00
03/28/2018,311.170013,312.839996,306.059998,306.260010,306.260010,1305600,-,353.476050,352.172599,333.308501,323.181000,1485710.00
03/27/2018,315.500000,316.000000,307.709991,310.220001,310.220001,1494200,-,353.638000,353.105999,335.092000,326.650998,1481848.00
03/26/2018,316.450012,316.899994,307.230011,312.179993,312.179993,1747500,-,353.751100,353.981599,337.142000,330.629999,1464856.00
03/23/2018,322.660004,323.739990,311.779999,312.390015,312.390015,1195400,-,353.877450,354.843399,339.434000,335.334000,1453728.00
03/22/2018,322.649994,323.350006,319.359985,322.970001,322.970001,2769200,-,354.044900,355.612198,342.067499,338.853998,1451668.00
03/21/2018,326.899994,329.970001,324.799988,325.470001,325.470001,907300,-,354.144200,356.247999,343.756499,340.675998,1415062.00
03/20/2018,332.869995,333.850006,327.399994,327.609985,327.609985,1087900,-,354.239000,356.869598,345.531499,341.995999,1426630.00
03/19/2018,340.690002,340.690002,331.489990,332.989990,332.989990,1370100,-,354.366100,357.334999,347.089499,343.031000,1444082.00
03/16/2018,341.230011,344.760010,339.850006,342.170013,342.170013,2883000,-,354.433100,357.670999,348.723000,344.392001,1440208.00
03/15/2018,340.140015,343.690002,337.140015,339.549988,339.549988,834100,-,354.450000,357.888199,349.798000,343.450000,1432564.00
03/14/2018,351.350006,352.170013,339.799988,340.959991,340.959991,1298800,-,354.446850,358.076599,350.767500,343.436002,1471666.00
03/13/2018,361.049988,362.839996,348.190002,350.010010,350.010010,823300,-,354.429250,357.976599,351.503500,343.533002,1462624.00
03/12/2018,349.559998,369.510010,349.559998,359.220001,359.220001,2001300,-,354.348000,357.736999,351.897000,343.654001,1461450.00
03/09/2018,342.049988,349.390015,340.260010,347.589996,347.589996,940200,-,354.197100,357.217599,351.407500,343.534000,1462318.00
03/08/2018,339.510010,343.489990,338.040009,341.190002,341.190002,1058300,-,354.053100,357.073799,351.460500,345.281000,1465988.00
03/07/2018,337.500000,339.730011,334.160004,338.670013,338.670013,1058900,-,353.929250,357.013999,352.578499,346.837000,1474018.00
03/06/2018,349.170013,349.230011,336.290009,337.959991,337.959991,1188300,-,353.814800,356.899399,354.132498,349.066998,1490168.00
03/05/2018,330.510010,349.529999,328.929993,346.600006,346.600006,2740400,-,353.704400,356.467799,355.862999,351.147998,1505396.00
03/02/2018,336.859985,339.730011,331.809998,332.750000,332.750000,1986300,-,353.536950,355.875199,357.907999,353.053998,1485114.00
03/01/2018,342.720001,349.649994,337.609985,339.410004,339.410004,1363500,-,353.473250,355.684799,359.829498,356.145999,1485098.00
02/28/2018,352.940002,353.040009,341.709991,341.929993,341.929993,1065700,-,353.381550,355.342799,361.721498,358.098999,1528588.00
02/27/2018,357.760010,359.750000,351.119995,351.220001,351.220001,946400,-,353.281900,355.077799,363.453499,359.473999,1539348.00
02/26/2018,365.320007,368.369995,357.290009,358.019989,358.019989,770200,-,353.148850,354.633399,364.617499,360.139999,1561602.00
02/23/2018,359.730011,368.089996,356.269989,365.059998,365.059998,613500,-,352.986650,354.072799,365.566499,359.281000,1585520.00
02/22/2018,361.019989,365.260010,355.019989,356.750000,356.750000,601100,-,352.788950,353.401399,366.070500,357.639999,1613694.00
02/21/2018,359.339996,367.380005,356.510010,360.970001,360.970001,878300,-,352.624250,352.756399,367.042000,358.319998,1642172.00
02/20/2018,364.980011,365.230011,358.670013,358.769989,358.769989,802900,-,352.493300,352.041399,367.456000,359.197998,1665888.00
02/16/2018,364.029999,370.089996,361.489990,365.660004,365.660004,752000,-,352.312450,351.318799,368.030000,360.578000,1680564.00
02/15/2018,359.290009,365.920013,355.630005,363.670013,363.670013,1096700,-,352.106600,350.624600,368.049500,362.762000,1696118.00
02/14/2018,354.059998,359.290009,352.010010,358.940002,358.940002,915500,-,351.976700,350.031199,368.128499,363.512997,1726764.00
02/13/2018,354.459991,357.489990,353.410004,355.679993,355.679993,772400,-,351.902700,349.577799,368.073499,365.343997,1751816.00
02/12/2018,350.260010,360.380005,350.000000,357.880005,357.880005,855100,-,351.850100,348.988399,367.935999,367.432999,1817642.00
02/09/2018,351.410004,355.559998,343.149994,349.429993,349.429993,1908200,-,351.804700,348.464199,367.741998,369.094998,1846956.00
02/08/2018,362.100006,363.040009,346.130005,348.649994,348.649994,1769900,-,351.784550,347.993400,368.033998,371.851999,1863776.00
02/07/2018,367.109985,370.519989,360.059998,363.549988,363.549988,1555000,-,351.763800,347.457200,368.142998,374.501001,1870224.00
02/06/2018,366.079987,370.959991,360.119995,369.750000,369.750000,4492100,-,351.647850,346.765800,367.703499,375.764001,1854504.00
02/05/2018,391.600006,395.000000,371.470001,372.570007,372.570007,2872600,-,351.491500,346.056200,367.043498,375.714001,1783882.00
02/02/2018,380.000000,396.640015,375.500000,387.500000,387.500000,4374900,-,351.306600,345.373200,365.958998,375.482001,1765472.00
02/01/2018,376.109985,380.260010,371.140015,371.179993,371.179993,1928200,-,351.037150,344.390600,364.073499,373.337000,1723712.00
01/31/2018,374.809998,379.329987,373.209991,377.250000,377.250000,2152800,-,350.822150,343.797800,363.165999,372.744000,1710158.00
01/30/2018,376.369995,377.980011,371.839996,376.570007,376.570007,1241600,-,350.587700,343.065400,361.751999,370.803000,1697366.00
01/29/2018,375.239990,376.619995,370.709991,374.500000,374.500000,925600,-,350.354850,342.218400,359.721498,368.438998,1711284.00
01/26/2018,375.829987,378.140015,374.309998,377.000000,377.000000,1228500,-,350.155200,341.464600,357.897998,366.388998,1721818.00
01/25/2018,376.230011,378.380005,371.700012,375.140015,375.140015,981800,-,349.931700,340.799000,355.710498,364.215997,1715422.00
01/24/2018,370.450012,377.059998,367.269989,376.179993,376.179993,1758300,-,349.712850,340.065000,353.973497,361.784995,1713188.00
01/23/2018,367.809998,372.000000,366.160004,369.250000,369.250000,1043100,-,349.485200,339.365400,352.074498,359.642996,1705310.00
01/22/2018,366.369995,371.000000,366.000000,370.250000,370.250000,1822000,-,349.322950,338.738400,350.258998,358.372995,1711898.00
01/19/2018,366.730011,370.000000,362.799988,366.049988,366.049988,1453400,-,349.131650,338.193600,347.565498,356.435995,1709878.00
01/18/2018,356.489990,365.250000,356.489990,365.250000,365.250000,1534600,-,348.959000,337.840601,345.111499,354.809998,1759944.00
01/17/2018,358.589996,359.989990,352.070007,357.839996,357.839996,1119500,-,348.774100,337.244200,343.010500,353.587997,1773774.00
01/16/2018,352.179993,356.540009,349.869995,352.929993,352.929993,1112500,-,348.621500,336.840601,341.234000,352.700998,1792880.00
01/12/2018,357.390015,359.559998,353.079987,354.000000,354.000000,644600,-,348.497450,336.546401,340.021500,351.003998,1817114.00
01/11/2018,350.279999,356.190002,348.320007,355.269989,355.269989,1191100,-,348.357150,336.149801,338.771500,349.406998,1878760.00
01/10/2018,354.019989,356.459991,347.529999,350.829987,350.829987,1092400,-,348.201200,335.524001,337.507500,347.204999,1923020.00
01/09/2018,356.660004,358.769989,354.149994,354.760010,354.760010,938900,-,348.062750,334.902602,336.540500,346.162000,1971952.00
01/08/2018,354.470001,360.190002,351.630005,356.549988,356.549988,1485700,-,347.915700,334.133202,335.027499,344.506000,2131720.00
01/05/2018,352.019989,354.399994,349.079987,350.880005,350.880005,1960500,-,347.751050,333.900402,333.461000,342.145001,2172374.00
01/04/2018,356.750000,358.000000,346.970001,349.790009,349.790009,1176400,-,347.602650,333.688002,332.049001,338.695001,2176694.00
01/03/2018,354.059998,364.380005,349.589996,353.029999,353.029999,2500800,-,347.457000,333.593602,331.107001,335.413000,2189804.00
01/02/2018,338.429993,352.820007,337.769989,348.970001,348.970001,2789200,-,347.316800,333.548203,330.155501,332.433002,2166130.00
12/29/2017,335.140015,342.019989,333.820007,335.959991,335.959991,846700,-,347.201000,333.602203,329.520500,329.767001,2150486.00
12/28/2017,334.450012,339.779999,333.000000,338.029999,338.029999,764600,-,347.139800,333.924403,329.033000,329.039001,2160086.00
12/27/2017,341.399994,341.500000,332.309998,333.250000,333.250000,2044700,-,347.076550,334.320603,328.715001,328.136002,2168354.00
12/26/2017,336.839996,340.500000,336.100006,340.399994,340.399994,1123700,-,347.033500,334.907603,328.347002,327.810001,2150344.00
12/22/2017,331.489990,341.109985,331.489990,338.200012,338.200012,1459800,-,346.953200,335.247603,327.419002,326.919000,2182076.00
12/21/2017,317.859985,336.829987,316.779999,332.940002,332.940002,1866400,-,346.879600,335.597803,326.958002,325.548999,2204526.00
12/20/2017,317.059998,317.279999,312.529999,316.380005,316.380005,1949700,-,346.830600,336.241403,327.024501,324.776999,2195850.00
12/19/2017,322.649994,324.339996,316.429993,316.970001,316.970001,1726300,-,346.861700,337.212203,328.126501,325.403000,2179076.00
12/18/2017,324.470001,326.989990,321.549988,323.230011,323.230011,1985500,-,346.893050,338.193802,329.196501,326.801001,2169380.00
12/15/2017,331.980011,331.980011,321.309998,322.309998,322.309998,3538000,-,346.895750,339.077202,330.112001,327.878000,2154450.00
12/14/2017,328.559998,330.920013,323.390015,328.679993,328.679993,1603700,-,346.895800,340.025402,331.028001,329.273999,2119722.00
12/13/2017,331.350006,334.149994,323.769989,329.000000,329.000000,2059100,-,346.872150,340.873602,331.305002,329.026999,2106052.00
12/12/2017,332.070007,332.989990,326.600006,329.989990,329.989990,1966100,-,346.853000,341.683802,331.695502,329.294000,2090310.00
12/11/2017,326.790009,332.989990,323.839996,331.489990,331.489990,2022200,-,346.818350,342.366202,332.382002,328.884003,2076892.00
12/08/2017,327.820007,329.459991,320.700012,324.500000,324.500000,2025000,-,346.794550,343.004803,332.729503,327.919003,2062796.00
12/07/2017,322.000000,330.440002,320.649994,325.220001,325.220001,2064100,-,346.805800,343.733803,333.564503,328.367004,2046260.00
12/06/2017,330.959991,334.670013,321.350006,322.640015,322.640015,1536700,-,346.801850,344.486403,334.198503,329.272003,2050580.00
12/05/2017,333.269989,338.920013,330.459991,330.950012,330.950012,1529700,-,346.814350,345.214403,335.217003,330.850003,2061664.00
12/04/2017,330.200012,347.480011,329.190002,334.000000,334.000000,2629000,-,346.785350,345.747003,336.089502,331.592001,2066530.00
12/01/2017,321.940002,340.549988,321.940002,336.269989,336.269989,2168100,-,346.748100,346.273002,336.161002,332.346002,2055520.00
11/30/2017,328.350006,330.910004,321.000000,326.209991,326.209991,4063700,-,346.689050,346.769202,336.230502,332.782004,2059640.00
11/29/2017,326.600006,332.019989,324.190002,331.670013,331.670013,2320800,-,346.683900,347.585203,336.831003,333.583005,2021496.00
11/28/2017,321.950012,327.970001,317.929993,325.890015,325.890015,2749200,-,346.635550,348.232202,336.956003,334.097003,2041124.00
11/27/2017,327.690002,327.690002,319.500000,321.839996,321.839996,2092300,-,346.621200,349.077802,336.860503,335.880002,2023558.00
11/24/2017,333.640015,335.440002,326.200012,328.980011,328.980011,769000,-,346.634800,350.030402,336.756503,337.540002,2087112.00
11/22/2017,337.839996,339.489990,332.440002,334.269989,334.269989,961000,-,346.615250,350.970802,336.122003,338.762003,2118492.00
11/21/2017,339.239990,344.850006,337.640015,338.420013,338.420013,1952100,-,346.572550,351.988002,336.654004,339.125003,2131596.00
11/20/2017,341.000000,348.380005,337.959991,338.369995,338.369995,2286900,-,346.497300,352.851002,336.746004,339.584003,2146952.00
11/17/2017,341.380005,349.540009,338.959991,341.540009,341.540009,1250500,-,346.418450,353.703802,337.081004,340.587003,2143028.00
11/16/2017,333.940002,340.920013,328.500000,340.630005,340.630005,1513200,-,346.354300,354.731002,337.542004,339.976001,2160852.00
11/15/2017,337.329987,337.660004,330.500000,334.220001,334.220001,1937500,-,346.273200,355.831202,338.094005,339.679001,2186628.00
11/14/2017,341.299988,344.000000,333.970001,336.809998,336.809998,1452300,-,346.236350,357.196802,338.986505,340.079001,2181168.00
11/13/2017,338.500000,343.910004,337.070007,343.720001,343.720001,908700,-,346.172050,358.327003,340.038005,339.815002,2175906.00
11/10/2017,338.489990,343.399994,337.209991,338.440002,338.440002,870100,-,346.077450,359.302203,340.982005,337.841003,2182544.00
11/09/2017,335.790009,342.339996,333.059998,341.200012,341.200012,1364400,-,346.003000,360.504203,341.930005,335.973004,2203578.00
11/08/2017,342.579987,343.839996,335.510010,337.899994,337.899994,1372500,-,345.962750,361.547603,342.655504,333.482004,2195368.00
11/07/2017,350.040009,353.989990,342.290009,343.010010,343.010010,1721000,-,345.824800,362.566003,344.016504,334.183005,2190278.00
11/06/2017,338.000000,361.279999,336.630005,348.399994,348.399994,3956700,-,345.651500,363.490403,345.112004,333.908005,2175618.00
11/03/2017,334.589996,340.579987,328.000000,335.429993,335.429993,2226100,-,345.453000,364.298203,345.994504,333.575006,2111656.00
11/02/2017,341.320007,341.670013,334.649994,337.660004,337.660004,2074800,-,345.318050,365.374203,347.593004,335.108008,2095156.00
11/01/2017,335.619995,340.739990,335.470001,338.220001,338.220001,2324200,-,345.160400,366.427603,349.196004,336.509009,2079272.00
10/31/2017,324.339996,339.420013,321.820007,334.170013,334.170013,3726900,-,344.987750,367.604203,350.839503,337.894009,2052662.00
10/30/2017,318.470001,329.720001,316.760010,323.980011,323.980011,3404100,-,344.847600,368.849803,352.606503,340.261008,1997540.00
10/27/2017,314.829987,321.910004,308.299988,319.760010,319.760010,3539000,-,344.719850,370.229603,354.613002,344.123007,1955540.00
10/26/2017,322.000000,328.089996,312.410004,316.290009,316.290009,8927300,-,344.607000,371.701602,356.796002,347.887006,1916680.00
10/25/2017,338.690002,345.510010,336.570007,344.910004,344.910004,3518400,-,344.523250,373.391402,359.029002,351.829004,1772680.00
10/24/2017,345.000000,345.230011,339.529999,340.260010,340.260010,2176500,-,344.289700,374.447802,359.926003,353.850003,1747474.00
10/23/2017,350.149994,351.019989,344.160004,345.070007,345.070007,1831900,-,344.069700,375.664202,360.865002,356.316003,1752742.00
10/20/2017,353.839996,355.500000,350.239990,350.760010,350.760010,1317100,-,343.835150,376.652601,361.490501,358.414001,1764100.00
10/19/2017,351.519989,353.589996,348.429993,351.670013,351.670013,2007000,-,343.562200,377.611001,361.967500,360.078000,1779158.00
10/18/2017,357.040009,357.500000,350.760010,352.070007,352.070007,1326700,-,343.261600,378.595601,362.437999,361.882999,1818580.00
10/17/2017,362.589996,362.589996,356.690002,357.839996,357.839996,1178000,-,342.930100,379.349200,363.184999,363.784998,1830308.00
10/16/2017,358.059998,362.779999,357.609985,362.600006,362.600006,1144200,-,342.580500,379.812800,363.493999,364.951999,1832928.00
10/13/2017,354.619995,360.220001,347.540009,357.399994,357.399994,2710300,-,342.228450,380.253400,363.772499,365.102997,1824002.00
10/12/2017,363.000000,363.000000,352.510010,355.709991,355.709991,2582300,-,341.897050,380.791400,364.375999,365.704999,1789928.00
10/11/2017,364.059998,366.970001,361.029999,365.119995,365.119995,1432600,-,341.577500,381.388000,365.390500,366.229001,1765690.00
10/10/2017,365.989990,368.160004,362.859985,364.920013,364.920013,1111000,-,341.204050,381.834001,366.391000,366.002002,1782518.00
10/09/2017,368.100006,368.690002,364.640015,366.049988,366.049988,1241500,-,340.834550,382.375001,367.223500,365.414001,1885752.00
10/06/2017,370.420013,370.850006,366.600006,367.399994,367.399994,1239000,-,340.460500,382.459201,367.971501,364.567001,1892928.00
10/05/2017,371.540009,374.989990,369.510010,369.720001,369.720001,1801600,-,340.075400,382.449201,369.246501,363.857001,1939196.00
10/04/2017,368.609985,371.760010,367.600006,371.089996,371.089996,920200,-,339.671350,382.030201,370.542502,362.992999,1948480.00
10/03/2017,363.940002,370.250000,363.230011,369.510010,369.510010,1272000,-,339.258100,381.568401,372.113002,362.585001,1947710.00
10/02/2017,364.519989,366.519989,362.869995,364.109985,364.109985,1295200,-,338.866350,381.139800,373.303502,362.035999,1951744.00
09/29/2017,359.769989,365.010010,357.679993,363.420013,363.420013,1317400,-,338.487100,380.859001,374.722003,362.442001,1952644.00
09/28/2017,359.500000,362.540009,357.260010,360.950012,360.950012,1198200,-,338.089300,380.496600,376.478003,363.047000,1951192.00
09/27/2017,359.589996,365.500000,356.880005,362.850006,362.850006,2280100,-,337.674150,380.209800,378.099002,364.551999,1952354.00
09/26/2017,359.510010,361.010010,356.579987,359.040009,359.040009,2090900,-,337.253950,379.845400,379.397502,366.779999,1924656.00
09/25/2017,358.239990,360.040009,356.109985,357.579987,357.579987,1773000,-,336.853750,379.510800,380.907002,369.032999,1902180.00
09/22/2017,359.540009,363.329987,358.750000,360.299988,360.299988,2078500,-,336.487100,379.215200,382.467503,371.376001,1888440.00
09/21/2017,365.880005,366.399994,359.089996,361.079987,361.079987,2374100,-,336.067200,378.790000,383.914005,374.636002,1865474.00
09/20/2017,365.989990,371.500000,363.500000,367.010010,367.010010,2156500,-,335.616450,378.421400,385.376505,378.092004,1839416.00
09/19/2017,368.390015,369.839996,360.429993,364.019989,364.019989,3302200,-,335.114750,377.838200,386.878503,381.641003,1815352.00
09/18/2017,370.200012,371.510010,365.899994,368.170013,368.170013,1870900,-,334.657400,377.289800,388.500005,384.571005,1769628.00
09/15/2017,375.910004,377.410004,367.690002,369.470001,369.470001,5270000,-,334.193100,376.575000,389.740004,387.002005,1749620.00
09/14/2017,382.170013,384.760010,375.760010,376.000000,376.000000,2338000,-,333.748200,375.829200,390.934503,389.909006,1669258.00
09/13/2017,381.480011,386.000000,379.480011,385.130005,385.130005,1616200,-,333.222300,375.011400,392.173503,391.646005,1649336.00
09/12/2017,380.920013,386.160004,374.700012,381.570007,381.570007,2719900,-,332.674150,373.882200,392.803503,392.015005,1632886.00
09/11/2017,394.929993,397.390015,380.690002,381.010010,381.010010,2090700,-,332.127850,372.987800,393.779002,392.781006,1606380.00
09/08/2017,394.630005,395.600006,387.000000,392.899994,392.899994,2141700,-,331.587899,372.082399,394.453001,393.559006,1605070.00
09/07/2017,404.040009,404.720001,387.890015,395.640015,395.640015,2802000,-,330.943900,371.030399,394.742001,393.192007,1592502.00
09/06/2017,393.579987,403.649994,389.299988,402.500000,402.500000,1664500,-,330.279200,369.714999,395.005000,392.661005,1565426.00
09/05/2017,392.260010,395.679993,388.010010,393.320007,393.320007,1189200,-,329.594100,368.317999,394.367500,392.116003,1550974.00
09/01/2017,398.929993,399.339996,391.869995,392.480011,392.480011,1240600,-,328.937449,367.067598,393.752499,392.429004,1589202.00
08/31/2017,394.540009,398.880005,392.660004,398.540009,398.540009,1921800,-,328.276049,365.900598,393.359999,392.478003,1586710.00
08/30/2017,388.220001,395.160004,388.220001,393.369995,393.369995,953900,-,327.599050,364.607398,392.647998,391.960001,1569192.00
08/29/2017,386.600006,390.170013,385.559998,388.820007,388.820007,1118000,-,326.994400,363.412198,392.256499,392.701001,1593336.00
08/28/2017,390.880005,391.200012,385.940002,389.230011,389.230011,988000,-,326.404650,362.440998,392.186499,393.592001,1608650.00
08/25/2017,391.420013,392.529999,387.510010,388.790009,388.790009,758600,-,325.807649,361.460798,392.323499,394.776999,1637012.00
08/24/2017,390.089996,391.529999,384.239990,389.230011,389.230011,1401100,-,325.174999,360.451797,391.396999,395.346997,1648214.00
08/23/2017,396.290009,396.290009,390.260010,390.329987,390.329987,1280600,-,324.514649,359.433797,390.280498,396.291995,1645724.00
08/22/2017,398.149994,399.989990,395.000000,397.049988,397.049988,993700,-,323.814149,358.463397,388.202498,397.348996,1642238.00
08/21/2017,392.750000,396.899994,391.380005,396.450012,396.450012,970800,-,323.065999,357.295397,385.749998,396.618997,1650278.00
08/18/2017,391.529999,396.269989,390.709991,392.970001,392.970001,1304100,-,322.348299,356.023197,383.331497,395.075995,1659718.00
08/17/2017,401.000000,401.649994,393.170013,393.359985,393.359985,1596000,-,321.631299,354.912797,381.186497,394.241995,1673452.00
08/16/2017,399.350006,402.489990,397.179993,400.779999,400.779999,1727300,-,320.913950,353.963198,378.783498,393.335995,1660852.00
08/15/2017,401.049988,403.359985,395.920013,397.730011,397.730011,2258100,-,320.156300,352.804197,376.074997,391.811996,1647146.00
08/14/2017,398.779999,405.329987,397.000000,401.079987,401.079987,2439900,-,319.388149,351.738197,373.419997,390.780997,1631564.00
08/11/2017,400.079987,402.450012,392.600006,394.489990,394.489990,2399800,-,318.625950,350.777197,370.481497,389.869998,1614492.00
08/10/2017,398.690002,404.059998,396.720001,398.679993,398.679993,2070000,-,317.938800,349.815198,367.896997,387.447000,1614296.00
08/09/2017,387.890015,408.829987,386.380005,400.899994,400.899994,3978100,-,317.243400,348.752598,364.914998,384.269000,1613136.00
08/08/2017,380.019989,393.239990,378.260010,389.750000,389.750000,1913100,-,316.514200,347.512998,362.002498,379.056000,1554822.00
08/07/2017,384.649994,386.450012,380.769989,381.019989,381.019989,1309000,-,315.856050,346.466798,359.407498,374.881000,1535094.00
08/04/2017,385.000000,386.000000,380.559998,384.630005,384.630005,697900,-,315.251950,345.521599,357.186499,371.587000,1552514.00
08/03/2017,384.540009,387.410004,383.290009,384.299988,384.299988,1006600,-,314.628550,344.409799,354.576498,368.131000,1574342.00
08/02/2017,386.390015,388.250000,381.700012,385.540009,385.540009,1370400,-,313.994650,343.099599,351.970499,364.231000,1583092.00
08/01/2017,392.839996,392.970001,383.730011,387.420013,387.420013,2274000,-,313.354900,341.717199,349.448997,360.337997,1592518.00
07/31/2017,396.500000,399.910004,385.399994,391.970001,391.970001,6272700,-,312.699800,340.284399,346.511497,356.058997,1585454.00
07/28/2017,365.390015,372.369995,361.000000,370.260010,370.260010,1600300,-,312.024400,338.762599,343.755498,351.092996,1495948.00
07/27/2017,354.000000,370.959991,353.019989,366.899994,366.899994,3552400,-,311.462400,337.619598,342.029497,348.346994,1511744.00
07/26/2017,348.799988,351.679993,346.029999,348.769989,348.769989,2265800,-,310.967150,336.681799,340.699496,345.560995,1469882.00
07/25/2017,349.470001,350.890015,346.579987,348.000000,348.000000,881700,-,310.558150,336.127799,339.754497,344.948996,1463448.00
07/24/2017,349.790009,350.429993,345.250000,348.079987,348.079987,1473700,-,310.159000,335.607799,338.986996,343.933997,1476288.00
07/21/2017,345.299988,351.869995,345.299988,350.070007,350.070007,1340200,-,309.754000,335.138399,338.122997,342.785999,1468236.00
07/20/2017,346.470001,349.670013,344.320007,345.299988,345.299988,1244800,-,309.340700,334.648599,337.325996,341.021997,1460238.00
07/19/2017,345.019989,347.260010,342.970001,346.609985,346.609985,1256300,-,308.955000,334.252999,336.754997,339.709998,1464872.00
07/18/2017,340.980011,345.420013,338.399994,344.630005,344.630005,895200,-,308.571800,333.796999,336.104997,338.559998,1504186.00
07/17/2017,342.089996,345.279999,341.950012,342.309998,342.309998,967100,-,308.207800,333.599999,335.886497,336.963998,1526062.00
07/14/2017,340.799988,344.510010,335.790009,342.799988,342.799988,1086000,-,307.879100,333.205799,335.781998,336.417999,1542366.00
07/13/2017,343.070007,343.230011,338.000000,339.040009,339.040009,930200,-,307.542100,332.839599,335.558998,335.712000,1603132.00
07/12/2017,340.790009,344.829987,339.049988,342.649994,342.649994,1071200,-,307.216000,332.812599,335.523497,335.837997,1634334.00
07/11/2017,337.119995,339.850006,334.440002,337.850006,337.850006,953300,-,306.883150,332.842399,335.481497,334.559998,1643476.00
07/10/2017,333.130005,338.399994,332.100006,336.600006,336.600006,1016000,-,306.577550,332.988599,335.521497,334.039996,1649444.00
07/07/2017,332.079987,334.429993,330.579987,332.429993,332.429993,870500,-,306.265900,333.232599,335.333496,333.459995,1646428.00
07/06/2017,334.010010,335.519989,331.059998,332.179993,332.179993,1251900,-,305.926550,333.491999,335.584497,333.629996,1658926.00
07/05/2017,329.230011,335.239990,328.799988,335.109985,335.109985,1341900,-,305.580300,333.738399,336.269498,333.799997,1662000.00
07/03/2017,338.260010,339.450012,328.649994,328.670013,328.670013,793700,-,305.234450,333.843399,336.655498,333.649997,1657926.00
06/30/2017,338.290009,338.410004,332.399994,336.850006,336.850006,1394600,-,304.922450,334.039599,337.443497,334.808997,1663896.00
06/29/2017,339.380005,340.190002,332.130005,335.739990,335.739990,2025200,-,304.571650,334.014399,338.252496,335.145996,1653764.00
06/28/2017,330.559998,340.950012,329.239990,340.299988,340.299988,1513300,-,304.217800,333.971799,338.784998,335.405997,1633480.00
06/27/2017,330.750000,332.290009,327.140015,329.869995,329.869995,1448200,-,303.862850,333.729399,339.047498,335.208997,1631066.00
06/26/2017,331.679993,333.640015,330.170013,332.649994,332.649994,941900,-,303.534100,333.739199,339.499998,336.402997,1616708.00
06/23/2017,334.790009,335.429993,326.399994,330.799988,330.799988,3100600,-,303.214150,333.686199,339.739499,337.002997,1611974.00
06/22/2017,333.929993,340.239990,333.540009,334.130005,334.130005,1116000,-,302.947950,333.761599,339.887500,337.206998,1571194.00
06/21/2017,333.850006,335.369995,332.869995,333.880005,333.880005,1045900,-,302.650650,333.724999,339.633000,337.538998,1566420.00
06/20/2017,337.950012,339.929993,329.429993,333.609985,333.609985,2161100,-,302.340200,333.674799,338.878500,338.738998,1564814.00
06/19/2017,342.000000,345.190002,339.970001,340.260010,340.260010,1883700,-,302.016250,333.615599,338.019002,339.660999,1551482.00
06/16/2017,335.940002,340.989990,331.079987,340.220001,340.220001,2406100,-,301.601000,333.546398,336.795001,340.077997,1546570.00
06/15/2017,336.809998,340.570007,333.500000,338.339996,338.339996,1318700,-,301.180050,333.381798,335.578001,341.358997,1529150.00
06/14/2017,342.829987,344.170013,336.130005,338.329987,338.329987,1276600,-,300.749900,333.245398,334.316501,342.163998,1535154.00
06/13/2017,335.989990,344.220001,335.989990,341.809998,341.809998,1106300,-,300.312900,333.044198,333.400502,342.885999,1532054.00
06/12/2017,330.899994,339.239990,329.040009,338.649994,338.649994,1395700,-,299.864200,332.754398,332.363503,342.597000,1530932.00
06/09/2017,338.510010,340.130005,329.970001,332.839996,332.839996,1442800,-,299.429650,332.543798,331.531003,342.476001,1520030.00
06/08/2017,344.899994,345.239990,333.380005,337.450012,337.450012,1990800,-,299.026650,332.405798,331.119502,342.568002,1507390.00
06/07/2017,343.660004,347.010010,341.640015,345.880005,345.880005,966000,-,298.602650,332.138398,330.526001,341.727002,1491380.00
06/06/2017,344.459991,345.519989,341.709991,342.829987,342.829987,1042000,-,298.136400,331.683598,329.508000,339.018002,1495438.00
06/05/2017,355.000000,355.000000,343.720001,344.429993,344.429993,1479000,-,297.696400,331.333998,328.557001,336.377005,1503438.00
06/02/2017,348.109985,353.369995,347.500000,353.029999,353.029999,1586300,-,297.261400,330.917798,328.074501,333.512006,1493888.00
06/01/2017,346.500000,354.049988,339.470001,346.390015,346.390015,2390000,-,296.781950,330.281199,326.553001,329.797006,1478228.00
05/31/2017,340.000000,345.850006,338.730011,345.549988,345.549988,2012000,-,296.352550,329.766599,325.458000,326.469003,1446450.00
05/30/2017,336.489990,340.000000,334.850006,338.920013,338.920013,1062400,-,295.917900,329.355399,325.065001,323.915005,1421266.00
05/26/2017,334.380005,338.910004,333.010010,337.440002,337.440002,926700,-,295.513600,329.093198,325.326001,322.130005,1429038.00
05/25/2017,329.589996,336.279999,329.000000,333.760010,333.760010,2180000,-,295.096750,328.818798,325.712001,320.586005,1425004.00
05/24/2017,320.200012,332.279999,318.299988,329.040009,329.040009,1789300,-,294.706750,328.651198,326.464000,319.671002,1403904.00
05/23/2017,317.339996,320.480011,314.500000,318.790009,318.790009,1444100,-,294.245650,328.563198,327.281999,319.325000,1379150.00
05/22/2017,315.779999,318.510010,315.519989,316.420013,316.420013,1841700,-,293.825650,328.674198,328.567499,319.997998,1364918.00
05/19/2017,315.010010,318.399994,313.920013,315.779999,315.779999,1920800,-,293.428500,328.815398,329.764497,320.736996,1342654.00
05/18/2017,314.160004,317.869995,312.559998,315.880005,315.880005,1797400,-,293.035150,328.962598,330.899498,322.636996,1322666.00
05/17/2017,319.140015,320.359985,312.489990,313.109985,313.109985,2390100,-,292.634700,329.096998,331.884998,323.308997,1307302.00
05/16/2017,322.359985,324.049988,319.209991,320.010010,320.010010,1459300,-,292.249150,329.299598,332.909998,324.446997,1281370.00
05/15/2017,322.239990,324.299988,320.630005,321.070007,321.070007,1944100,-,291.823450,329.374798,333.318497,326.214996,1267494.00
05/12/2017,324.799988,326.600006,321.799988,322.000000,322.000000,1523700,-,291.407100,329.399798,333.782996,328.521997,1251222.00
05/11/2017,325.279999,327.119995,323.200012,324.609985,324.609985,1071100,-,290.985700,329.438798,334.182996,330.837997,1238688.00
05/10/2017,324.529999,327.179993,323.089996,325.579987,325.579987,940300,-,290.552550,329.449999,334.680997,333.256998,1247126.00
05/09/2017,323.299988,327.829987,320.119995,325.519989,325.519989,1476500,-,290.128100,329.399599,335.016997,335.238998,1254178.00
05/08/2017,329.519989,331.000000,321.720001,323.809998,323.809998,3222000,-,289.717850,329.423799,335.309497,337.137000,1243012.00
05/05/2017,324.609985,334.869995,324.510010,334.779999,334.779999,1989000,-,289.301200,329.482599,335.651497,338.791998,1201776.00
05/04/2017,324.890015,327.399994,322.250000,322.600006,322.600006,1782300,-,288.808250,329.275599,335.752496,339.162000,1192600.00
05/03/2017,335.399994,337.480011,321.440002,324.489990,324.489990,4124300,-,288.355300,329.326400,336.221996,340.460999,1186458.00
05/02/2017,338.890015,340.130005,333.200012,337.690002,337.690002,2490300,-,287.904550,329.339600,336.573495,341.372998,1129648.00
05/01/2017,346.290009,347.250000,341.869995,344.140015,344.140015,1528300,-,287.391000,329.116799,336.102495,340.421997,1110486.00
04/28/2017,349.829987,349.989990,342.779999,345.160004,345.160004,1251700,-,286.865850,328.723199,335.261494,339.043994,1120936.00
04/27/2017,346.100006,350.350006,346.100006,348.799988,348.799988,865200,-,286.327200,328.323599,334.409494,337.527994,1123506.00
04/26/2017,345.510010,350.380005,344.850006,345.399994,345.399994,1495400,-,285.775450,327.787599,333.266495,336.104996,1128032.00
04/25/2017,341.980011,345.299988,340.890015,344.500000,344.500000,1405600,-,285.247800,327.339999,332.200494,334.794995,1132286.00
04/24/2017,340.029999,342.140015,338.739990,340.359985,340.359985,1138200,-,284.711150,326.941199,331.132495,333.481995,1124876.00
04/21/2017,336.440002,339.640015,335.739990,338.480011,338.480011,1092200,-,284.183700,326.635399,330.381996,332.510995,1126604.00
04/20/2017,335.279999,337.049988,333.179993,335.589996,335.589996,888000,-,283.655200,326.380399,329.638995,332.342993,1124414.00
04/19/2017,330.010010,335.959991,328.309998,333.609985,333.609985,1011000,-,283.136100,326.135999,328.919496,331.982993,1144496.00
04/18/2017,329.619995,331.000000,325.950012,328.179993,328.179993,1392600,-,282.629500,325.915800,328.271997,331.773993,1172190.00
04/17/2017,331.730011,332.709991,329.079987,330.359985,330.359985,730300,-,282.131800,325.926400,328.112497,331.782993,1166454.00
04/13/2017,335.279999,335.700012,329.649994,330.000000,330.000000,705200,-,281.616850,325.807400,327.884998,331.478995,1168698.00
04/12/2017,331.010010,335.690002,330.540009,334.570007,334.570007,1061600,-,281.058750,325.744400,327.570998,331.290994,1173474.00
04/11/2017,330.420013,332.660004,328.000000,332.299988,332.299988,877300,-,280.467300,325.532000,327.111497,330.427994,1172360.00
04/10/2017,330.450012,333.149994,329.559998,331.369995,331.369995,965600,-,279.889800,325.382000,326.728499,329.605994,1196884.00
04/07/2017,337.670013,338.510010,330.549988,330.649994,330.649994,1494500,-,279.357300,325.225600,326.376999,328.782996,1232550.00
04/06/2017,331.750000,336.959991,330.549988,336.799988,336.799988,1638100,-,278.816000,325.275600,326.018500,328.252997,1449854.00
04/05/2017,332.209991,338.750000,329.549988,331.989990,331.989990,1535100,-,278.246050,324.745800,325.335501,326.934998,1439386.00
04/04/2017,328.399994,334.000000,326.959991,331.519989,331.519989,1618900,-,277.691700,324.273000,324.866002,325.856000,1429860.00
04/03/2017,327.500000,330.809998,325.019989,328.269989,328.269989,1121600,-,277.139350,323.816601,324.452002,324.770001,1432730.00
03/31/2017,326.730011,330.910004,326.029999,327.320007,327.320007,1050200,-,276.605400,323.420001,324.227002,324.442001,1436838.00
03/30/2017,325.130005,328.549988,322.579987,328.119995,328.119995,850600,-,276.074750,322.996201,323.977002,324.291000,1438642.00
03/29/2017,323.899994,327.119995,323.279999,325.940002,325.940002,810800,-,275.545350,322.507601,323.768503,323.851001,1446042.00
03/28/2017,322.049988,325.730011,320.600006,324.079987,324.079987,1190300,-,275.032050,322.111602,323.730003,323.795001,1507976.00
03/27/2017,323.739990,325.760010,319.609985,323.140015,323.140015,1168900,-,274.529301,321.598602,323.679004,323.851004,1504640.00
03/24/2017,324.940002,327.739990,323.640015,325.350006,325.350006,1442000,-,274.028450,321.079601,323.858504,323.971002,1509570.00
03/23/2017,320.500000,326.750000,319.500000,323.619995,323.619995,1001500,-,273.517100,320.563401,323.928503,323.784003,1505490.00
03/22/2017,321.440002,322.260010,318.929993,321.200012,321.200012,803300,-,273.003000,320.055002,323.969003,323.736005,1515662.00
03/21/2017,325.230011,326.269989,319.980011,320.660004,320.660004,801100,-,272.505400,319.556202,324.166003,323.876004,1533986.00
03/20/2017,326.059998,326.309998,322.429993,324.989990,324.989990,752800,-,272.026850,319.106202,324.390503,324.134003,1539990.00
03/17/2017,324.950012,326.269989,322.480011,325.809998,325.809998,1451000,-,271.541000,318.529802,324.468503,324.012003,1559172.00
03/16/2017,324.690002,326.820007,323.339996,323.720001,323.720001,725000,-,271.049450,317.844602,324.401003,323.663004,1562802.00
03/15/2017,324.839996,326.890015,323.820007,325.380005,325.380005,1125000,-,270.525550,317.085602,324.474002,323.686005,1582256.00
03/14/2017,323.690002,326.160004,323.630005,324.640015,324.640015,551600,-,269.998500,316.336402,324.305002,323.665005,1586308.00
03/13/2017,323.190002,325.559998,323.000000,324.339996,324.339996,732500,-,269.470500,315.687402,324.224001,323.507004,1595896.00
03/10/2017,325.570007,325.809998,322.739990,323.480011,323.480011,728500,-,268.976800,315.023002,324.235001,323.746005,1598898.00
03/09/2017,322.869995,326.100006,321.429993,323.140015,323.140015,921400,-,268.501300,314.389401,324.314500,324.073004,1601072.00
03/08/2017,323.170013,325.079987,321.679993,322.600006,322.600006,1029200,-,268.010600,313.735201,324.444000,324.202002,1595194.00
03/07/2017,323.910004,327.040009,322.359985,323.239990,323.239990,1093500,-,267.563150,313.103600,324.482500,324.456003,1590016.00
03/06/2017,321.260010,324.540009,319.450012,323.769989,323.769989,765500,-,267.084800,312.463600,324.450500,324.647003,1584408.00
03/03/2017,323.570007,323.570007,320.510010,322.320007,322.320007,1130500,-,266.603000,311.795801,324.697501,324.925003,1586700.00
03/02/2017,324.679993,324.679993,321.829987,323.950012,323.950012,897000,-,266.008200,311.127601,324.802000,325.139001,1582688.00
03/01/2017,325.760010,328.100006,321.660004,325.170013,325.170013,1493000,-,265.406450,310.417401,324.947000,325.262000,1611388.00
02/28/2017,326.029999,326.779999,320.250000,323.059998,323.059998,1292900,-,264.853500,309.737200,324.886000,324.944998,1618384.00
02/27/2017,326.920013,328.700012,324.910004,326.730011,326.730011,918200,-,264.308000,309.041201,324.973000,324.940997,1641728.00
02/24/2017,324.380005,327.309998,322.720001,326.750000,326.750000,1160200,-,263.760450,308.183800,324.813998,324.723996,1653072.00
02/23/2017,326.089996,326.100006,321.170013,324.429993,324.429993,1530200,-,263.209150,307.207200,325.133998,324.555997,1659676.00
02/22/2017,323.299988,326.119995,322.459991,325.140015,325.140015,1475200,-,262.654400,306.294800,324.427998,324.685999,1655416.00
02/21/2017,324.299988,326.970001,321.510010,325.149994,325.149994,1283800,-,262.093300,305.372000,323.588498,324.508997,1661066.00
02/17/2017,323.869995,327.100006,319.720001,326.549988,326.549988,1532200,-,261.527650,304.554000,322.765999,324.253998,1675544.00
02/16/2017,320.000000,327.329987,317.019989,324.459991,324.459991,2050800,-,260.957050,303.549401,321.860500,324.469998,1669566.00
02/15/2017,321.850006,326.179993,320.019989,325.179993,325.179993,1380200,-,260.398100,302.478801,320.944000,324.464999,1663850.00
02/14/2017,321.910004,323.779999,320.260010,322.000000,322.000000,1091500,-,259.854850,301.308601,319.869501,324.632001,1671276.00
02/13/2017,325.000000,325.119995,319.399994,323.019989,323.019989,1708100,-,259.306050,300.319601,319.076501,324.827002,1677470.00
02/10/2017,325.070007,325.980011,321.609985,324.559998,324.559998,1035100,-,258.739700,299.365401,317.847002,325.005002,1693034.00
02/09/2017,325.839996,326.459991,321.239990,325.070007,325.070007,1224600,-,258.149050,298.484001,316.478502,324.904001,1725478.00
02/08/2017,323.549988,327.500000,323.200012,325.730011,325.730011,982700,-,257.574050,297.399001,315.202002,325.712000,1735126.00
02/07/2017,322.980011,325.390015,321.329987,323.369995,323.369995,1892100,-,256.980450,296.394401,313.825502,324.169998,1728010.00
02/06/2017,327.829987,328.279999,319.179993,322.600006,322.600006,2395700,-,256.353150,295.373201,312.470003,322.667999,1717338.00
02/03/2017,325.429993,329.100006,324.119995,328.709991,328.709991,1105800,-,255.738650,294.381600,311.248003,321.278000,1725432.00
02/02/2017,325.640015,326.839996,324.190002,324.410004,324.410004,842500,-,255.086250,293.089401,309.621004,319.251001,1734952.00
02/01/2017,323.850006,327.010010,321.940002,326.850006,326.850006,944000,-,254.487350,291.855201,307.978003,317.423001,1754038.00
01/31/2017,322.649994,325.269989,321.029999,323.950012,323.950012,1005900,-,253.861000,290.627801,305.924002,315.107001,1762096.00
01/30/2017,323.480011,325.260010,316.989990,324.799988,324.799988,2103500,-,253.256550,289.388600,304.122502,313.326001,1788856.00
01/27/2017,332.920013,334.119995,316.959991,323.549988,323.549988,2748900,-,252.636600,288.096601,302.492003,310.689001,1800550.00
01/26/2017,333.369995,341.500000,324.809998,333.149994,333.149994,12359700,-,252.032400,286.888401,300.870503,308.053003,1795072.00
01/25/2017,309.149994,311.200012,307.160004,310.309998,310.309998,1114700,-,251.367900,285.674202,298.803003,304.692004,1590116.00
01/24/2017,309.739990,310.209991,307.010010,308.350006,308.350006,1058800,-,250.818251,284.885402,297.809003,303.481006,1672040.00
01/23/2017,307.200012,309.850006,306.170013,308.700012,308.700012,1762400,-,250.289250,284.115001,296.942502,302.272006,1738258.00
01/20/2017,307.640015,309.179993,306.160004,308.440002,308.440002,1327000,-,249.765300,283.186201,296.069501,301.218005,1737346.00
01/19/2017,302.929993,307.760010,301.279999,306.130005,306.130005,1140400,-,249.247950,282.160601,295.166501,299.991006,1758260.00
01/18/2017,306.149994,307.320007,302.089996,303.690002,303.690002,1220600,-,248.733850,281.042601,294.305501,298.533005,1783936.00
01/17/2017,294.019989,306.369995,292.839996,306.140015,306.140015,3907500,-,248.242150,279.917201,293.543001,296.741003,1850732.00
01/13/2017,297.309998,300.070007,296.890015,298.429993,298.429993,1023500,-,247.728800,278.852601,292.794000,294.919003,1842024.00
01/12/2017,298.049988,298.239990,294.559998,297.190002,297.190002,1415400,-,247.248800,277.875401,292.285501,294.295004,1855082.00
01/11/2017,297.450012,300.040009,296.100006,299.540009,299.540009,1238000,-,246.780450,276.929401,291.619000,293.688004,1851374.00
01/10/2017,296.660004,300.149994,293.459991,298.200012,298.200012,1510100,-,246.297900,275.923601,290.538000,292.914001,1867448.00
01/09/2017,297.200012,297.940002,294.709991,296.260010,296.260010,1719500,-,245.797500,274.841601,289.568500,292.137000,1894756.00
01/06/2017,296.119995,298.790009,294.459991,298.160004,298.160004,1101300,-,245.307900,273.889200,288.705499,291.612997,1920354.00
01/05/2017,289.750000,297.130005,289.730011,296.170013,296.170013,1711900,-,244.828700,273.067200,288.009999,290.920996,1931942.00
01/04/2017,286.980011,292.079987,284.230011,291.549988,291.549988,1632500,-,244.368350,272.335800,287.017499,290.341995,1925344.00
01/03/2017,290.239990,291.440002,282.540009,285.769989,285.769989,1697700,-,243.924000,271.606000,285.986499,290.077997,1937704.00
12/30/2016,292.160004,292.989990,285.049988,287.920013,287.920013,1327600,-,243.500150,271.053000,285.031500,290.344998,1934120.00
12/29/2016,291.019989,294.869995,290.109985,292.190002,292.190002,1031000,-,243.065650,270.498600,284.262999,290.668997,1933954.00
12/28/2016,293.010010,293.730011,290.429993,291.119995,291.119995,882600,-,242.595500,269.853801,283.418999,290.275998,1935878.00
12/27/2016,291.549988,293.290009,290.000000,291.799988,291.799988,837200,-,242.074550,269.181801,282.887498,289.549997,1934682.00
12/23/2016,290.730011,292.970001,288.940002,290.429993,290.429993,627500,-,241.545550,268.497601,281.838499,288.162000,1940196.00
12/22/2016,291.029999,291.790009,287.470001,291.019989,291.019989,770300,-,241.031450,267.817001,281.092000,287.000000,1953334.00
12/21/2016,290.630005,292.850006,288.010010,291.239990,291.239990,813100,-,240.501400,267.134401,280.156500,285.798001,1971984.00
12/20/2016,288.459991,291.609985,288.089996,290.380005,290.380005,880100,-,239.977950,266.466801,279.245500,285.099002,2024532.00
12/19/2016,288.959991,292.000000,287.089996,288.910004,288.910004,929900,-,239.440650,266.016201,277.931500,283.693002,2047256.00
12/16/2016,292.619995,294.660004,287.649994,288.440002,288.440002,2332000,-,238.922600,265.577401,276.621001,281.895001,2056128.00
12/15/2016,288.160004,293.739990,287.989990,291.160004,291.160004,1842800,-,238.404300,265.172001,275.473001,279.718002,2031078.00
12/14/2016,283.899994,293.420013,281.989990,288.260010,288.260010,2460100,-,237.866850,264.690401,274.014500,277.857001,2020890.00
12/13/2016,279.589996,285.100006,275.339996,283.859985,283.859985,1485400,-,237.334950,264.273401,272.611501,276.562000,2006594.00
12/12/2016,281.040009,281.950012,275.980011,277.920013,277.920013,1490400,-,236.837300,263.959401,271.575502,276.225000,2015064.00
12/09/2016,279.739990,280.489990,276.510010,278.809998,278.809998,1317200,-,236.345500,263.800401,271.301501,275.514999,2022760.00
12/08/2016,285.399994,285.399994,278.609985,279.000000,279.000000,1757700,-,235.857500,263.660801,270.904501,275.184000,2032288.00
12/07/2016,276.440002,287.269989,275.109985,284.250000,284.250000,2007700,-,235.377700,263.612201,270.446001,274.514999,2020640.00
12/06/2016,272.170013,277.089996,271.320007,276.320007,276.320007,1233300,-,234.835400,263.435201,269.346501,273.391998,2005872.00
12/05/2016,268.359985,273.959991,267.010010,270.929993,270.929993,1765000,-,234.325750,263.385201,268.388501,272.169998,2007110.00
12/02/2016,273.040009,274.109985,265.779999,266.670013,266.670013,1751500,-,233.856350,263.488201,267.353501,271.347000,1988488.00
12/01/2016,273.549988,276.000000,269.950012,272.549988,272.549988,1401200,-,233.390850,263.689401,266.391000,271.228000,1985886.00
11/30/2016,280.489990,281.079987,272.019989,275.309998,275.309998,2486300,-,232.887800,263.723801,265.409001,270.172000,2004266.00
11/29/2016,272.140015,281.429993,271.140015,280.489990,280.489990,2657300,-,232.370800,263.508801,264.122002,268.661002,1993904.00
11/28/2016,275.709991,275.820007,270.279999,270.820007,270.820007,1707000,-,231.813000,263.157601,262.592002,266.926004,1983418.00
11/25/2016,273.000000,275.929993,272.059998,275.500000,275.500000,626900,-,231.297650,263.060001,261.513502,267.088004,1999576.00
11/23/2016,272.339996,273.950012,270.649994,272.309998,272.309998,1358500,-,230.717800,262.875400,259.943502,266.625003,2020894.00
11/22/2016,264.940002,273.260010,264.260010,273.019989,273.019989,2800400,-,230.161650,262.763000,258.760002,266.377002,2019708.00
11/21/2016,263.820007,265.709991,260.170013,264.100006,264.100006,1581800,-,229.621750,262.602001,257.962003,265.301004,2003324.00
11/18/2016,264.190002,266.000000,260.000000,262.700012,262.700012,1796800,-,229.114200,262.706201,257.737003,264.607004,2022428.00
11/17/2016,262.200012,266.570007,261.209991,265.480011,265.480011,1346900,-,228.643400,262.734600,257.355002,263.360002,2044446.00
11/16/2016,260.000000,262.640015,258.630005,261.989990,261.989990,2343900,-,228.168500,262.798200,256.987001,261.554001,2117640.00
11/15/2016,263.209991,267.859985,259.950012,260.200012,260.200012,2688200,-,227.740800,263.109600,256.897502,260.646002,2780094.00
11/14/2016,272.290009,273.989990,263.059998,263.140015,263.140015,2475000,-,227.299800,263.399000,256.885002,259.583002,2827206.00
11/11/2016,269.070007,273.790009,265.320007,272.440002,272.440002,2111900,-,226.862850,263.572000,256.604001,258.258000,2852006.00
11/10/2016,271.200012,281.359985,266.579987,270.869995,270.869995,5210900,-,226.357450,263.499600,255.861501,255.939000,2967208.00
11/09/2016,259.130005,277.980011,259.000000,269.829987,269.829987,4369700,-,225.839600,263.226400,255.138000,253.262001,2892160.00
11/08/2016,257.579987,263.320007,255.369995,262.260010,262.260010,1716800,-,225.316900,262.950400,254.491002,251.143002,2833280.00
11/07/2016,254.729996,257.500000,252.899994,257.160004,257.160004,2372700,-,224.866450,262.751400,254.271001,250.623001,2819656.00
11/04/2016,241.500000,254.429993,241.500000,250.229996,250.229996,2424200,-,224.442350,262.626800,254.805501,250.867001,2790732.00
11/03/2016,267.570007,269.190002,242.639999,247.419998,247.419998,4560400,-,224.064800,262.663600,255.642501,251.350002,2751406.00
11/02/2016,249.360001,254.550003,248.289993,252.910004,252.910004,3472100,-,223.674950,262.750000,256.680002,252.420001,2677344.00
11/01/2016,250.000000,251.270004,245.429993,249.570007,249.570007,1676400,-,223.262950,262.736600,257.388501,253.149002,2626798.00
10/31/2016,250.619995,251.250000,247.389999,249.889999,249.889999,1230000,-,222.852000,262.798200,258.280501,254.187003,2613382.00
10/28/2016,245.020004,252.259995,245.020004,249.250000,249.250000,2041700,-,222.427950,262.853000,259.194001,254.950002,2630132.00
10/27/2016,249.039993,249.880005,242.470001,244.100006,244.100006,2875500,-,222.043250,262.964600,260.230001,255.784001,2623312.00
10/26/2016,256.600006,257.149994,247.000000,248.639999,248.639999,2999400,-,221.662700,263.231200,261.616500,257.014000,2587976.00
10/25/2016,259.989990,261.010010,256.019989,257.059998,257.059998,1680700,-,221.296100,263.401200,263.013000,257.839001,2545612.00
10/24/2016,257.260010,259.779999,254.720001,259.600006,259.600006,1382000,-,220.888950,263.470201,263.930000,257.919000,2534888.00
10/21/2016,256.200012,257.369995,254.080002,255.059998,255.059998,2250500,-,220.465400,263.450600,264.641000,258.744000,2526212.00
10/20/2016,260.500000,260.540009,257.559998,258.119995,258.119995,1518500,-,220.058250,263.510600,265.692000,259.935001,2510558.00
10/19/2016,260.809998,262.920013,259.420013,260.200012,260.200012,1319300,-,219.639200,263.429601,266.622501,260.940002,2520118.00
10/18/2016,259.619995,261.510010,259.510010,259.950012,259.950012,1127200,-,219.214050,263.340800,267.325999,261.628000,2606846.00
10/17/2016,257.820007,260.200012,256.980011,257.519989,257.519989,822800,-,218.801950,262.878200,267.556499,262.373999,2624274.00
10/14/2016,257.920013,261.329987,255.809998,257.589996,257.589996,1112900,-,218.429850,262.423600,267.826999,263.438000,2626160.00
10/13/2016,255.720001,257.269989,253.380005,256.399994,256.399994,1284400,-,218.063000,262.011600,268.244499,264.676001,2621942.00
10/12/2016,257.910004,259.329987,256.820007,256.890015,256.890015,1702800,-,217.706850,261.625800,268.737999,266.219000,2615244.00
10/11/2016,262.320007,263.820007,257.510010,257.859985,257.859985,3440500,-,217.332800,261.203800,269.227998,268.187000,2607776.00
10/10/2016,268.299988,268.850006,266.239990,267.850006,267.850006,2016300,-,216.952950,260.766600,269.583499,269.941000,2573174.00
10/07/2016,269.040009,269.040009,266.920013,266.970001,266.970001,1373500,-,216.518700,260.107000,269.656499,270.538000,2553010.00
10/06/2016,267.000000,269.459991,266.359985,268.170013,268.170013,1079500,-,216.088850,259.523600,269.513998,271.448999,2541224.00
10/05/2016,268.730011,269.299988,266.190002,267.079987,267.079987,1333400,-,215.648250,258.914600,269.538498,272.304999,2542986.00
10/04/2016,267.380005,269.559998,265.929993,267.410004,267.410004,1745300,-,215.204300,258.332600,270.062498,273.023999,2539564.00
10/03/2016,269.679993,270.989990,266.049988,268.160004,268.160004,1908900,-,214.782400,257.798200,270.425499,272.738998,2525198.00
09/30/2016,268.899994,272.410004,268.899994,269.970001,269.970001,1875200,-,214.358150,257.304400,270.606999,272.215997,2519998.00
09/29/2016,275.260010,276.109985,269.140015,271.829987,271.829987,1793600,-,213.899550,256.714600,270.549500,271.812997,2516800.00
09/28/2016,275.399994,276.609985,273.660004,276.570007,276.570007,1175300,-,213.414450,256.001800,269.818500,271.256998,2520670.00
09/27/2016,273.329987,277.769989,271.309998,275.399994,275.399994,1269300,-,212.921700,255.110600,268.791499,270.268997,2524624.00
09/26/2016,275.019989,275.630005,272.489990,273.820007,273.820007,1295200,-,212.462900,254.289400,267.637000,269.225998,2514302.00
09/23/2016,275.649994,276.950012,274.890015,276.079987,276.079987,833900,-,212.020350,253.512600,266.492499,268.774997,2528144.00
09/22/2016,276.000000,277.619995,273.510010,276.730011,276.730011,1621400,-,211.572900,252.773200,265.292000,267.578998,2530304.00
09/21/2016,266.000000,274.779999,266.000000,274.269989,274.269989,2320200,-,211.128300,251.987200,264.042500,266.771997,2522178.00
09/20/2016,264.209991,266.000000,261.679993,264.559998,264.559998,1968200,-,210.679600,251.270800,262.941000,267.100998,2506428.00
09/19/2016,266.380005,268.089996,262.700012,262.929993,262.929993,2133000,-,210.260750,250.777000,262.345500,268.112000,2492844.00
09/16/2016,266.220001,266.869995,264.160004,265.940002,265.940002,2514900,-,209.879950,250.261800,261.830501,268.998001,2482492.00
09/15/2016,265.929993,268.829987,264.760010,266.269989,266.269989,1692800,-,209.494650,249.640400,261.275001,269.286002,2455474.00
09/14/2016,262.109985,267.910004,262.109985,266.690002,266.690002,1299200,-,209.100100,248.970600,260.833001,268.380002,2447878.00
09/13/2016,266.809998,268.459991,262.570007,264.970001,264.970001,1981200,-,208.702850,248.272200,260.355502,267.314001,2471750.00
09/12/2016,263.760010,269.700012,263.269989,269.309998,269.309998,2537000,-,208.308450,247.618600,260.132502,266.048001,2468720.00
09/09/2016,266.359985,267.489990,264.119995,264.119995,264.119995,2897700,-,207.892450,246.805200,259.598002,264.210001,2461012.00
09/08/2016,276.200012,276.450012,267.380005,268.660004,268.660004,5006600,-,207.507050,246.070200,259.295002,263.005002,2446718.00
09/07/2016,273.420013,277.690002,272.649994,277.559998,277.559998,35466600,-,207.096150,245.064600,258.565502,261.313002,2378050.00
09/06/2016,279.950012,279.950012,270.019989,274.670013,274.670013,5043800,-,206.639000,243.839000,257.475502,258.781003,1721712.00
09/02/2016,268.679993,272.959991,268.679993,271.790009,271.790009,3715000,-,206.204700,242.681600,255.583002,256.579001,1739506.00
09/01/2016,267.000000,272.809998,264.369995,268.820007,268.820007,7872000,-,205.768950,241.743199,253.733001,254.663000,1700240.00
08/31/2016,255.259995,258.350006,254.440002,257.209991,257.209991,1458500,-,205.353300,240.814599,252.141501,253.264000,1580908.00
08/30/2016,251.550003,256.720001,250.899994,256.029999,256.029999,1425700,-,204.999650,240.126599,251.136501,253.286000,1584842.00
08/29/2016,251.690002,255.000000,251.690002,252.309998,252.309998,1035600,-,204.679500,239.428399,250.124501,253.397002,1586508.00
08/26/2016,252.729996,253.339996,249.130005,250.929993,250.929993,926500,-,204.373950,238.803199,249.309001,254.217003,1708492.00
08/25/2016,251.789993,253.339996,251.009995,252.070007,252.070007,457900,-,204.073150,238.214200,248.506001,254.986003,1725592.00
08/24/2016,251.600006,253.869995,249.880005,251.740005,251.740005,857300,-,203.763600,237.596599,247.792501,255.585002,1750844.00
08/23/2016,253.440002,254.309998,250.919998,252.240005,252.240005,944800,-,203.456200,237.006599,247.091501,255.818002,1811024.00
08/22/2016,253.080002,253.080002,250.050003,252.649994,252.649994,1005600,-,203.141150,236.427399,246.378500,256.170001,1848504.00
08/19/2016,253.529999,253.960007,250.750000,252.630005,252.630005,2067500,-,202.828400,235.844999,245.780501,254.587003,1872078.00
08/18/2016,257.350006,258.880005,253.419998,254.830002,254.830002,1700700,-,202.511650,235.251799,245.322501,252.803001,1864522.00
08/17/2016,256.299988,258.899994,254.210007,257.429993,257.429993,1108700,-,202.174200,234.616799,244.605000,251.019002,1887436.00
08/16/2016,260.489990,261.429993,256.730011,257.140015,257.140015,881200,-,201.841750,233.884200,243.543001,248.987003,1903560.00
08/15/2016,259.489990,261.750000,259.029999,260.510010,260.510010,1144500,-,201.522700,233.174999,242.286500,246.852000,1938664.00
08/12/2016,256.529999,258.899994,255.039993,258.619995,258.619995,948200,-,201.140650,232.463799,240.977999,244.400999,1945644.00
08/11/2016,253.210007,258.359985,252.500000,258.059998,258.059998,1467800,-,200.753000,231.847799,239.795999,242.025999,1986616.00
08/10/2016,255.770004,257.380005,253.210007,254.070007,254.070007,1996500,-,200.382800,231.236599,238.848499,240.000000,2020790.00
08/09/2016,237.000000,260.390015,236.059998,255.759995,255.759995,5655700,-,200.027450,230.533999,238.016499,238.364999,2052184.00
08/08/2016,234.550003,239.369995,233.000000,236.820007,236.820007,1998600,-,199.640550,229.818199,237.150999,236.587000,1995014.00
08/05/2016,238.009995,238.440002,234.410004,234.789993,234.789993,917100,-,199.333200,229.462599,237.303498,236.973999,2021038.00
08/04/2016,236.889999,238.940002,235.899994,236.990005,236.990005,902000,-,199.087150,229.278799,237.422498,237.842000,2081730.00
08/03/2016,235.750000,237.720001,234.789993,237.110001,237.110001,949500,-,198.833750,229.106599,237.316498,238.190999,2133306.00
08/02/2016,237.509995,238.529999,235.179993,235.789993,235.789993,1329400,-,198.584550,228.864399,237.099998,238.098999,2244904.00
08/01/2016,235.539993,238.960007,234.160004,236.000000,236.000000,1710400,-,198.334750,228.810799,236.898998,237.720999,2328702.00
07/29/2016,238.550003,238.889999,234.770004,234.869995,234.869995,1008100,-,198.068500,228.642199,236.713498,237.554999,2381362.00
07/28/2016,237.070007,239.389999,237.070007,237.800003,237.800003,784200,-,197.828550,228.493000,236.401998,237.565999,2448254.00
07/27/2016,239.940002,240.289993,236.679993,237.720001,237.720001,1167600,-,197.569150,227.804200,235.880498,237.696999,2865422.00
07/26/2016,241.690002,242.610001,235.210007,237.979996,237.979996,1162300,-,197.313700,227.121800,234.913498,237.667998,3181252.00
07/25/2016,243.350006,244.509995,240.100006,240.690002,240.690002,1027000,-,197.062600,226.653800,233.828498,237.714998,3300756.00
07/22/2016,241.360001,244.440002,239.000000,243.470001,243.470001,1648900,-,196.784150,226.119200,232.633998,237.632997,3476130.00
07/21/2016,234.830002,240.869995,233.699997,240.479996,240.479996,1715300,-,196.494400,225.594200,231.703998,237.002997,3520040.00
07/20/2016,232.910004,236.539993,227.630005,236.190002,236.190002,1987100,-,196.229600,225.114400,230.799498,236.441997,3530460.00
07/19/2016,234.130005,235.000000,231.899994,232.009995,232.009995,1373000,-,195.964350,224.660200,230.130498,236.100996,3535562.00
07/18/2016,235.190002,236.259995,233.270004,234.339996,234.339996,753200,-,195.713150,224.278400,229.585998,236.076997,3557886.00
07/15/2016,240.410004,240.410004,234.210007,234.979996,234.979996,1987300,-,195.420700,223.832000,228.921498,235.871997,3573928.00
07/14/2016,239.240005,239.940002,235.940002,239.110001,239.110001,941900,-,195.082600,223.381000,228.246498,235.237997,3563128.00
07/13/2016,239.860001,240.449997,237.300003,237.429993,237.429993,1215100,-,194.747550,222.852200,227.350498,234.063997,3581986.00
07/12/2016,239.520004,241.479996,237.789993,238.449997,238.449997,1532700,-,194.478050,222.434200,226.590999,232.158998,3615796.00
07/11/2016,238.080002,240.100006,237.080002,239.869995,239.869995,1289000,-,194.210450,221.910000,225.832499,229.941998,3644516.00
07/08/2016,237.059998,238.270004,235.889999,237.169998,237.169998,1615400,-,193.968000,221.307600,225.015499,227.634999,3682670.00
07/07/2016,232.339996,235.199997,232.020004,234.869995,234.869995,1164000,-,193.749250,220.692800,224.305499,226.404999,3717338.00
07/06/2016,231.000000,232.990005,229.009995,232.779999,232.779999,1313000,-,193.547400,220.196801,223.716000,225.156999,3827942.00
07/05/2016,231.669998,234.470001,230.190002,231.770004,231.770004,2492800,-,193.340450,219.681400,223.117000,224.159999,3929038.00
07/01/2016,228.679993,232.649994,226.809998,232.289993,232.289993,1829700,-,193.142700,219.004200,222.612499,223.094998,3909122.00
06/30/2016,226.919998,229.800003,225.740005,228.639999,228.639999,2151600,-,192.920550,218.352401,222.245499,221.970999,3936960.00
06/29/2016,220.000000,228.190002,219.880005,227.369995,227.369995,2183000,-,192.719900,217.744200,222.204500,221.254999,3940182.00
06/28/2016,217.520004,220.619995,216.089996,218.380005,218.380005,1573200,-,192.505900,217.289401,222.211000,220.637000,3929120.00
06/27/2016,215.229996,217.630005,214.059998,216.279999,216.279999,2649700,-,192.336250,216.953401,222.239000,221.023000,3917502.00
06/24/2016,219.169998,224.229996,215.179993,216.800003,216.800003,5933500,-,192.176300,216.689001,222.423500,221.723000,3887314.00
06/23/2016,223.279999,225.399994,221.050003,224.869995,224.869995,1751700,-,192.017550,216.369200,222.535500,222.395999,3794702.00
06/22/2016,222.460007,224.009995,220.619995,222.389999,222.389999,1905400,-,191.824750,215.926001,222.572000,222.206000,3788408.00
06/21/2016,220.350006,223.000000,220.080002,222.809998,222.809998,1655200,-,191.627900,215.483201,222.871500,222.275000,3777134.00
06/20/2016,224.449997,225.169998,221.000000,221.119995,221.119995,1509000,-,191.428250,215.034601,222.981001,222.074001,3762264.00
06/17/2016,221.630005,223.029999,219.470001,221.050003,221.050003,7134800,-,191.221050,214.663201,223.580501,222.130000,3752326.00
06/16/2016,222.729996,222.830002,220.149994,221.479996,221.479996,1781500,-,191.004600,214.320401,223.906501,222.520000,3631930.00
06/15/2016,221.850006,223.779999,220.279999,221.190002,221.190002,1720500,-,190.805250,213.990201,224.203001,223.154001,3617418.00
06/14/2016,228.940002,228.940002,220.500000,222.240005,222.240005,3866300,-,190.607250,213.632601,223.311501,223.785001,3607750.00
06/13/2016,223.419998,226.350006,223.039993,223.279999,223.279999,2818800,-,190.404300,213.294801,222.379501,223.455000,3562282.00
06/10/2016,220.259995,224.240005,218.720001,223.529999,223.529999,2184300,-,190.175900,212.898601,221.944501,223.124001,3545084.00
06/09/2016,222.190002,223.229996,221.089996,222.970001,222.970001,1689700,-,189.914700,212.476601,221.466002,222.675000,3532116.00
06/08/2016,218.130005,223.160004,218.039993,223.080002,223.080002,2846400,-,189.657350,212.087601,221.178502,222.938000,3526696.00
06/07/2016,221.309998,223.410004,220.520004,220.800003,220.800003,1914900,-,189.429600,211.686601,220.849002,223.468001,3504482.00
06/06/2016,224.919998,225.949997,221.149994,221.679993,221.679993,2636400,-,189.239300,211.233001,220.483002,223.888000,3493298.00
06/03/2016,227.410004,227.809998,224.119995,224.949997,224.949997,1493500,-,189.071900,210.766201,220.045002,225.031001,3481734.00
06/02/2016,225.770004,228.720001,225.190002,227.820007,227.820007,2996800,-,188.891200,210.313601,219.398502,225.293002,3487556.00
06/01/2016,222.500000,227.509995,220.100006,227.500000,227.500000,3176500,-,188.687000,209.839201,218.629002,225.252002,3465360.00
05/31/2016,220.059998,220.979996,216.100006,218.940002,218.940002,3566200,-,188.448600,209.342801,217.887502,222.838002,3446646.00
05/27/2016,217.009995,222.020004,217.009995,219.970001,219.970001,2797200,-,188.257100,208.984001,217.767001,221.304002,3441116.00
05/26/2016,222.889999,226.190002,218.460007,219.039993,219.039993,3299800,-,188.062550,208.605001,217.380502,220.765002,3451500.00
05/25/2016,227.460007,229.369995,224.050003,225.600006,225.600006,3951700,-,187.874000,208.187401,216.916002,220.257004,3510016.00
05/24/2016,224.210007,229.000000,223.089996,228.380005,228.380005,3480800,-,187.670100,207.414001,215.957501,219.419003,3452288.00
05/23/2016,232.199997,233.190002,223.610001,225.000000,225.000000,6529400,-,187.447450,206.566401,215.042001,218.230003,3406680.00
05/20/2016,227.460007,233.699997,227.160004,233.110001,233.110001,5519300,-,187.258700,205.818601,214.142501,217.078003,3323956.00
05/19/2016,225.800003,230.490005,225.729996,227.570007,227.570007,4343400,-,187.035900,204.856601,212.382501,215.059003,3248722.00
05/18/2016,224.910004,228.289993,222.500000,227.410004,227.410004,4352700,-,186.855550,204.036201,210.989001,213.504002,3193402.00
05/17/2016,203.600006,208.729996,201.039993,203.360001,203.360001,21642600,-,186.655050,203.146400,209.530000,212.006001,3141780.00
05/16/2016,206.720001,210.250000,203.600006,203.600006,203.600006,16959100,-,186.567550,202.785201,209.593501,212.937001,2735422.00
05/13/2016,212.699997,215.839996,211.860001,214.580002,214.580002,7137500,-,186.489350,202.408800,209.492500,214.230000,2433140.00
05/12/2016,219.229996,219.580002,211.990005,213.960007,213.960007,9795700,-,186.338200,201.790600,208.916500,213.996001,2335190.00
05/11/2016,216.009995,218.729996,214.729996,217.220001,217.220001,3844400,-,186.191750,201.149000,208.259000,213.575000,2186136.00
05/10/2016,213.100006,216.529999,213.100006,216.490005,216.490005,2236300,-,186.015050,200.491200,207.533500,212.495999,2174496.00
05/09/2016,213.419998,215.330002,211.770004,213.479996,213.479996,2242200,-,185.854250,199.752600,206.721500,211.853999,2188328.00
05/06/2016,211.029999,213.619995,209.910004,212.919998,212.919998,2489200,-,185.705650,199.107200,206.066500,211.206999,2182800.00
05/05/2016,212.500000,214.619995,211.250000,212.020004,212.020004,1555300,-,185.571350,198.509600,205.548000,209.706000,2212470.00
05/04/2016,209.710007,214.559998,209.490005,212.429993,212.429993,1447300,-,185.437600,197.785000,205.142500,208.473999,2228760.00
05/03/2016,215.559998,216.500000,212.240005,212.669998,212.669998,1884800,-,185.313000,197.024200,204.769501,207.053999,2237684.00
05/02/2016,212.250000,218.679993,210.250000,216.529999,216.529999,2905600,-,185.178000,196.311800,204.301501,206.250000,2237002.00
04/29/2016,207.639999,212.520004,204.729996,212.240005,212.240005,2968700,-,185.011000,195.452600,203.742501,204.755000,2206606.00
04/28/2016,207.000000,212.899994,205.630005,209.750000,209.750000,3196700,-,184.854800,194.646600,203.304001,203.837000,2187344.00
04/27/2016,208.990005,211.229996,205.929993,206.429993,206.429993,3348800,-,184.691450,193.889800,202.938000,202.942999,2166774.00
04/26/2016,208.009995,213.320007,206.830002,210.070007,210.070007,6694200,-,184.552000,193.139800,202.792501,202.571001,2136924.00
04/25/2016,197.100006,208.350006,194.770004,207.009995,207.009995,6367800,-,184.388600,192.293400,202.440501,201.589000,2052766.00
04/22/2016,197.860001,199.550003,196.330002,197.910004,197.910004,1497000,-,184.216800,191.343800,201.996001,200.926001,1985084.00
04/21/2016,198.899994,199.979996,193.770004,199.699997,199.699997,3221600,-,184.088600,190.607200,202.017500,201.390001,1994308.00
04/20/2016,204.529999,205.710007,197.630005,198.229996,198.229996,2312700,-,183.964700,189.914000,202.148501,201.811002,1995796.00
04/19/2016,201.979996,207.699997,201.570007,204.630005,204.630005,1629900,-,183.843900,189.201200,202.442001,202.485002,2034426.00
04/18/2016,201.899994,203.360001,201.050003,201.580002,201.580002,992300,-,183.679750,188.479400,202.344501,202.353001,2080558.00
04/15/2016,202.059998,203.979996,199.270004,203.059998,203.059998,1140300,-,183.539800,187.857800,202.315501,202.730002,2140790.00
04/14/2016,202.350006,203.029999,200.610001,200.809998,200.809998,1302900,-,183.380750,187.325600,202.213501,202.771002,2166994.00
04/13/2016,202.000000,204.990005,199.919998,202.710007,202.710007,1437000,-,183.219400,186.749400,202.081001,202.933002,2200804.00
04/12/2016,200.259995,202.190002,199.500000,200.250000,200.250000,1341700,-,183.063350,186.210200,201.292001,203.014001,2221444.00
04/11/2016,203.300003,203.750000,200.160004,200.380005,200.380005,911700,-,182.901300,185.632400,200.579501,203.292001,2240266.00
04/08/2016,204.740005,206.479996,201.050003,202.550003,202.550003,1012100,-,182.741800,184.970800,199.941000,203.066000,2254188.00
04/07/2016,202.339996,205.339996,201.839996,203.910004,203.910004,1115000,-,182.579500,184.225600,199.064000,202.645000,2270580.00
04/06/2016,204.190002,205.050003,202.179993,204.970001,204.970001,1055900,-,182.411500,183.590800,198.196000,202.486000,2272156.00
04/05/2016,202.750000,204.529999,202.149994,203.309998,203.309998,1237100,-,182.235000,182.938199,197.093500,202.399001,2271684.00
04/04/2016,205.279999,206.630005,203.470001,205.350006,205.350006,1592900,-,182.070750,182.366400,196.193000,202.336000,2283846.00
04/01/2016,203.119995,205.729996,200.929993,203.470001,203.470001,1958900,-,181.894050,181.648399,195.164500,201.900999,2275478.00
03/31/2016,203.710007,204.199997,200.199997,202.429993,202.429993,1535900,-,181.726550,180.989199,194.174500,201.656000,2285698.00
03/30/2016,204.600006,204.600006,200.860001,203.520004,203.520004,1418700,-,181.570350,180.288199,193.147000,201.229001,2295684.00
03/29/2016,200.610001,204.479996,199.169998,203.029999,203.029999,1735700,-,181.414050,179.519399,192.187500,199.570000,2335224.00
03/28/2016,199.470001,200.070007,197.369995,198.119995,198.119995,1355700,-,181.268500,178.904999,191.014000,197.867000,2337060.00
03/24/2016,202.009995,202.009995,196.899994,198.339996,198.339996,2058200,-,181.139850,178.302400,190.168501,196.816000,2344486.00
03/23/2016,204.000000,204.559998,201.899994,202.320007,202.320007,1784600,-,181.013150,177.842000,189.403500,195.483000,2331838.00
03/22/2016,202.399994,204.610001,200.949997,204.100006,204.100006,1887000,-,180.857000,177.308200,188.077000,193.906000,2316144.00
03/21/2016,200.899994,202.850006,199.940002,202.679993,202.679993,2240800,-,180.706350,176.724000,186.591499,191.787999,2312208.00
03/18/2016,200.389999,202.979996,199.830002,201.000000,201.000000,3289700,-,180.549600,176.143000,185.310000,190.050000,2309304.00
03/17/2016,198.220001,202.399994,196.550003,201.020004,201.020004,3316400,-,180.400800,175.609200,183.938500,188.428000,2273020.00
03/16/2016,186.929993,198.570007,186.889999,198.160004,198.160004,6225600,-,180.277250,175.092200,182.484500,186.692999,2239932.00
03/15/2016,185.660004,187.080002,183.619995,186.929993,186.929993,1065300,-,180.182200,174.679600,181.172000,185.064999,2150746.00
03/14/2016,186.800003,187.789993,185.610001,186.000000,186.000000,1200400,-,180.142650,174.603000,180.272000,184.805000,2143174.00
03/11/2016,186.889999,188.000000,185.669998,187.610001,187.610001,2393200,-,180.094450,174.567400,179.359500,184.161000,2130724.00
03/10/2016,187.320007,187.619995,182.750000,185.009995,185.009995,1757600,-,180.047650,174.518600,177.955500,183.521001,2101186.00
03/09/2016,184.039993,186.750000,183.250000,186.550003,186.550003,1577400,-,180.021500,174.460000,176.759000,183.324001,2077420.00
03/08/2016,184.660004,186.199997,182.699997,182.919998,182.919998,1771600,-,179.965400,174.366800,175.683500,182.248000,2056590.00
03/07/2016,184.220001,186.399994,183.500000,185.300003,185.300003,1324700,-,179.944050,174.328400,174.667000,181.395000,2041568.00
03/04/2016,184.539993,185.360001,181.600006,184.779999,184.779999,1845000,-,179.902300,174.242400,173.828999,180.570000,2028796.00
03/03/2016,181.589996,186.220001,180.770004,183.669998,183.669998,2240000,-,179.886600,174.147800,173.114999,179.449001,2006322.00
03/02/2016,183.000000,183.830002,180.039993,181.880005,181.880005,2343000,-,179.873500,174.040200,172.753999,178.276001,1990136.00
03/01/2016,181.080002,184.720001,179.910004,184.330002,184.330002,3262400,-,179.870100,174.063200,172.259999,177.279001,1963586.00
02/29/2016,180.550003,184.720001,179.149994,179.559998,179.559998,2927900,-,179.832400,174.042800,171.830999,175.739000,1947564.00
02/26/2016,183.960007,184.000000,180.300003,181.210007,181.210007,1965800,-,179.821650,174.016600,171.420999,174.558000,1922364.00
02/25/2016,177.860001,183.619995,177.029999,183.039993,183.039993,3972700,-,179.802300,173.888600,170.725499,172.389999,1918810.00
02/24/2016,172.830002,175.809998,169.690002,175.789993,175.789993,2369800,-,179.781000,173.788200,169.837999,170.194000,1876796.00
02/23/2016,176.020004,177.789993,174.229996,174.389999,174.389999,1893500,-,179.805400,173.945200,169.656999,169.119000,1853846.00
02/22/2016,174.500000,177.690002,174.270004,177.050003,177.050003,1850700,-,179.848250,174.163600,169.554499,167.939000,1836546.00
02/19/2016,170.610001,174.550003,168.149994,173.570007,173.570007,1385800,-,179.882550,174.354400,169.437999,167.087999,1832576.00
02/18/2016,171.520004,175.589996,167.399994,171.940002,171.940002,2005600,-,179.943200,174.639200,169.231998,166.780998,1832514.00
02/17/2016,169.690002,174.000000,167.020004,171.910004,171.910004,2168200,-,180.020950,174.890999,169.160498,167.231998,1816576.00
02/16/2016,170.029999,170.029999,164.339996,168.929993,168.929993,1856300,-,180.098600,175.068599,168.933998,167.240997,1802930.00
02/12/2016,161.850006,168.539993,160.130005,167.750000,167.750000,2486300,-,180.189250,175.425399,168.741499,167.922998,1789054.00
02/11/2016,159.100006,161.600006,156.210007,159.529999,159.529999,2983700,-,180.292000,175.848000,168.969498,168.283998,1756204.00
02/10/2016,165.080002,172.779999,160.979996,161.080002,161.080002,1958200,-,180.405850,176.404600,169.392499,169.060999,1715510.00
02/09/2016,160.440002,165.779999,157.960007,165.039993,165.039993,3296000,-,180.515250,176.927800,170.104499,169.481998,1683134.00
02/08/2016,165.729996,165.729996,156.130005,162.589996,162.589996,4244200,-,180.618800,177.348800,170.634000,170.194998,1628446.00
02/05/2016,160.199997,171.000000,160.199997,168.539993,168.539993,3936500,-,180.723750,177.819200,171.249000,171.169998,1561538.00
02/04/2016,178.220001,180.949997,168.110001,170.500000,170.500000,4003900,-,180.805500,178.189200,171.503500,171.787999,1518202.00
02/03/2016,173.570007,176.889999,171.339996,176.449997,176.449997,2450500,-,180.887050,178.508800,171.694000,171.682999,1450246.00
02/02/2016,173.820007,176.919998,170.949997,172.000000,172.000000,2993400,-,180.924200,178.702400,171.630000,171.088998,1424334.00
02/01/2016,169.639999,176.979996,167.059998,175.750000,175.750000,2469000,-,180.997900,179.018600,171.906500,170.626999,1380234.00
01/29/2016,169.470001,172.669998,168.220001,171.360001,171.360001,2282800,-,181.070950,179.196400,172.274001,169.559999,1350456.00
01/28/2016,167.179993,169.039993,164.320007,167.300003,167.300003,1607800,-,181.163700,179.483000,172.917001,169.654999,1324226.00
01/27/2016,172.050003,172.500000,164.539993,165.289993,165.289993,1831700,-,181.281650,179.866600,173.810500,169.723999,1324492.00
01/26/2016,172.710007,175.940002,170.149994,172.169998,172.169998,1193800,-,181.400300,180.400800,174.650001,170.727000,1303498.00
01/25/2016,174.899994,176.509995,171.679993,172.339996,172.339996,1032300,-,181.498500,180.781400,175.136001,171.073001,1295234.00
01/22/2016,171.800003,175.000000,170.729996,174.720001,174.720001,1845200,-,181.591450,181.150000,175.569001,171.328001,1288458.00
01/21/2016,170.369995,172.490005,166.970001,169.449997,169.449997,1174500,-,181.671750,181.458800,175.883001,171.219002,1272674.00
01/20/2016,166.110001,171.759995,160.740005,170.509995,170.509995,2469900,-,181.773250,181.875000,176.413001,171.705002,1281504.00
01/19/2016,166.919998,168.199997,164.529999,167.380005,167.380005,2035200,-,181.886650,182.249400,176.802001,172.171002,1265918.00
01/15/2016,167.970001,169.490005,163.020004,165.080002,165.080002,3395700,-,181.997650,182.703800,177.584501,173.186002,1256792.00
01/14/2016,168.179993,174.559998,167.919998,172.309998,172.309998,1827500,-,182.125400,183.187800,178.496001,174.988002,1234870.00
01/13/2016,175.360001,176.770004,167.300003,167.990005,167.990005,1727000,-,182.229400,183.488400,178.793001,176.179002,1246886.00
01/12/2016,176.059998,179.990005,172.860001,175.320007,175.320007,1425800,-,182.306400,183.947400,179.134000,177.897002,1258658.00
01/11/2016,175.000000,177.279999,172.949997,175.630005,175.630005,999900,-,182.329800,184.307600,179.269000,178.573001,1294270.00
01/08/2016,175.119995,179.389999,174.190002,174.889999,174.889999,1690200,-,182.360400,184.477000,179.669500,179.199001,1305582.00
01/07/2016,171.210007,176.220001,170.380005,173.630005,173.630005,2095600,-,182.400950,184.601000,180.190500,179.810001,1296126.00
01/06/2016,173.350006,175.270004,172.639999,174.309998,174.309998,1475500,-,182.471200,184.808800,180.838499,180.547000,1274146.00
01/05/2016,177.289993,177.419998,174.589996,175.169998,175.169998,1662000,-,182.544000,184.982600,181.513499,181.121001,1273498.00
01/04/2016,180.559998,182.039993,175.509995,177.529999,177.529999,1766300,-,182.613200,185.046800,181.981499,181.433000,1273840.00
12/31/2015,183.589996,185.070007,182.580002,183.100006,183.100006,686700,-,182.666450,185.003200,182.144499,181.983000,1284434.00
12/30/2015,184.639999,185.600006,183.500000,184.220001,184.220001,577900,-,182.697550,185.052800,182.327999,182.003999,1284828.00
12/29/2015,182.699997,185.839996,181.979996,185.169998,185.169998,916300,-,182.719550,185.094600,182.560999,181.406999,1287964.00
12/28/2015,180.720001,182.220001,179.000000,182.080002,182.080002,569300,-,182.750600,185.136600,182.670499,180.370999,1292662.00
12/24/2015,181.600006,182.899994,180.350006,181.889999,181.889999,535900,-,182.795850,185.211600,182.928500,179.964999,1302442.00
12/23/2015,182.169998,184.500000,180.339996,181.000000,181.000000,1020500,-,182.853700,185.228800,183.138499,180.139999,1312232.00
12/22/2015,186.869995,186.869995,178.169998,181.000000,181.000000,686100,-,182.861750,185.346400,183.393999,180.570999,1309932.00
12/21/2015,179.050003,180.169998,177.050003,180.050003,180.050003,721300,-,182.863450,185.444800,183.695999,181.129999,1311024.00
12/18/2015,181.630005,181.830002,177.899994,178.289993,178.289993,1430700,-,182.883350,185.576400,184.017499,181.905998,1320050.00
12/17/2015,183.610001,185.270004,182.860001,183.029999,183.029999,1015500,-,182.909500,185.765800,184.409499,182.529999,1315462.00
12/16/2015,178.919998,184.500000,178.919998,183.309998,183.309998,2461300,-,182.916750,185.805200,184.648499,182.305998,1324774.00
12/15/2015,177.139999,181.979996,176.600006,178.250000,178.250000,1667900,-,182.928900,185.849400,184.714999,182.651999,1303112.00
12/14/2015,178.699997,179.440002,173.210007,174.809998,174.809998,1788100,-,182.972450,186.034800,185.087000,183.714999,1310378.00
12/11/2015,180.979996,185.000000,175.610001,178.020004,178.020004,1872000,-,183.028150,186.201400,185.670499,184.970000,1323890.00
12/10/2015,184.699997,185.289993,182.800003,183.639999,183.639999,1222300,-,183.041050,186.276400,186.369499,185.892000,1347680.00
12/09/2015,186.350006,188.490005,184.000000,185.309998,185.309998,1028500,-,183.033750,186.120601,186.747499,186.137000,1367600.00
12/08/2015,186.580002,189.570007,185.669998,186.589996,186.589996,1652200,-,183.018250,185.761601,187.020499,186.217000,1397744.00
12/07/2015,183.770004,189.149994,183.179993,187.809998,187.809998,1382700,-,182.974150,185.471801,187.199000,186.262000,1421700.00
12/04/2015,180.509995,186.100006,180.009995,184.529999,184.529999,1208700,-,182.914500,185.386201,187.321500,186.128999,1423110.00
12/03/2015,186.710007,188.179993,179.490005,180.789993,180.789993,1485900,-,182.871300,185.394201,187.556499,186.289000,1442626.00
12/02/2015,189.000000,190.679993,186.460007,186.770004,186.770004,1162500,-,182.840000,185.606001,188.022000,186.991000,1433126.00
12/01/2015,187.649994,190.649994,186.419998,188.880005,188.880005,843800,-,182.777600,185.739001,188.147500,186.778000,1441322.00
11/30/2015,187.740005,188.759995,184.960007,187.360001,187.360001,949000,-,182.715450,185.851401,188.070499,186.459000,1449872.00
11/27/2015,185.630005,188.000000,184.880005,187.240005,187.240005,339400,-,182.668050,185.932001,188.249500,186.370999,1478810.00
11/25/2015,186.000000,187.449997,184.979996,186.089996,186.089996,561600,-,182.617000,186.031601,188.553999,186.846999,1518774.00
11/24/2015,186.160004,187.610001,184.279999,186.110001,186.110001,898800,-,182.563000,186.067001,188.454500,187.357999,1537910.00
11/23/2015,186.070007,189.360001,185.910004,187.039993,187.039993,1769700,-,182.511900,186.115001,188.203500,187.823999,1545208.00
11/20/2015,188.119995,188.119995,185.009995,186.479996,186.479996,606100,-,182.437400,186.065601,188.052500,188.136000,1528494.00
11/19/2015,188.869995,188.869995,185.660004,186.130005,186.130005,1154900,-,182.372150,186.025001,187.878500,188.514000,1544772.00
11/18/2015,185.490005,187.880005,184.110001,187.809998,187.809998,788400,-,182.313000,185.988201,187.491000,188.823999,1559886.00
11/17/2015,186.229996,186.940002,184.339996,184.639999,184.639999,980100,-,182.189900,185.933001,186.868001,189.053000,1563768.00
11/16/2015,186.440002,186.639999,183.059998,185.690002,185.690002,971300,-,182.056550,185.966401,186.915001,189.517000,1567518.00
11/13/2015,190.199997,193.600006,185.809998,186.479996,186.479996,1621100,-,181.898100,185.913001,186.946001,189.681999,1563006.00
11/12/2015,190.970001,192.320007,188.559998,192.000000,192.000000,782000,-,181.721300,185.841001,186.985501,190.128000,1554120.00
11/11/2015,192.850006,192.850006,189.830002,191.199997,191.199997,780600,-,181.521750,185.594601,186.677001,190.261000,1556446.00
11/10/2015,189.759995,191.820007,188.660004,190.770004,190.770004,693500,-,181.318750,185.325801,186.254501,189.551001,1574998.00
11/09/2015,189.089996,191.800003,187.720001,190.160004,190.160004,1056000,-,181.147050,185.142601,186.060001,188.583000,1589286.00
11/06/2015,188.960007,190.460007,187.690002,190.259995,190.259995,1616000,-,180.987150,184.971201,185.848001,187.969000,1586190.00
11/05/2015,189.800003,191.240005,187.149994,189.229996,189.229996,1690600,-,180.830500,184.799001,185.666502,187.243001,1580328.00
11/04/2015,188.949997,191.419998,188.279999,190.100006,190.100006,1578900,-,180.679300,184.566401,185.593002,186.158002,1578122.00
11/03/2015,186.220001,189.470001,184.759995,189.279999,189.279999,2299600,-,180.507550,184.190201,185.338001,184.683002,1592428.00
11/02/2015,193.250000,193.630005,186.380005,187.339996,187.339996,2428300,-,180.341800,183.834601,185.150002,184.313002,1604292.00
10/30/2015,193.190002,194.419998,189.990005,190.940002,190.940002,2315600,-,180.210650,183.638401,185.159002,184.210002,1593456.00
10/29/2015,183.119995,194.919998,183.119995,193.330002,193.330002,3206400,-,180.058400,183.474401,184.769002,183.843002,1580934.00
10/28/2015,180.839996,184.940002,179.139999,184.100006,184.100006,1565500,-,179.882400,183.371801,184.191002,183.093002,1546088.00
10/27/2015,183.899994,185.500000,180.720001,181.089996,181.089996,1217400,-,179.783900,183.466000,183.778502,182.958002,1540276.00
10/26/2015,183.000000,185.160004,182.160004,184.020004,184.020004,996600,-,179.697700,183.583800,183.092002,183.537003,1543912.00
10/23/2015,180.000000,183.000000,177.740005,183.000000,183.000000,1443100,-,179.587500,183.499800,182.496002,183.727002,1542022.00
10/22/2015,176.990005,180.710007,176.160004,178.380005,178.380005,1679100,-,179.487200,183.452600,182.522502,184.090002,1532432.00
10/21/2015,185.940002,186.559998,175.080002,175.350006,175.350006,2296000,-,179.379250,183.506200,182.850002,185.028001,1522140.00
10/20/2015,186.300003,187.289993,184.639999,185.580002,185.580002,706400,-,179.284050,183.625800,183.651501,185.993001,1493942.00
10/19/2015,186.979996,187.929993,184.539993,186.309998,186.309998,734700,-,179.158650,183.610600,184.043501,185.987001,1500626.00
10/16/2015,186.330002,187.350006,185.520004,187.270004,187.270004,1151200,-,179.059250,183.561400,184.453001,186.108002,1513348.00
10/15/2015,183.559998,187.009995,183.559998,185.830002,185.830002,1058300,-,178.956000,183.561000,184.659001,185.695001,1576636.00
10/14/2015,187.360001,188.759995,182.399994,182.750000,182.750000,1025400,-,178.871450,183.615400,184.978501,185.289001,1603396.00
10/13/2015,185.119995,188.039993,183.570007,186.880005,186.880005,905500,-,178.803850,183.790400,185.234001,184.599002,1621384.00
10/12/2015,186.270004,187.559998,185.449997,185.919998,185.919998,740700,-,178.710300,183.799000,185.315501,182.647002,1638516.00
10/09/2015,186.850006,189.169998,184.860001,186.630005,186.630005,1172600,-,178.618000,183.797800,185.248001,181.265002,1650070.00
10/08/2015,184.490005,187.800003,184.220001,187.759995,187.759995,1201300,-,178.523700,183.824400,185.139001,180.955002,1647596.00
10/07/2015,187.339996,188.360001,183.130005,185.000000,185.000000,1481100,-,178.409850,183.756201,184.965501,180.672002,1669552.00
10/06/2015,187.399994,188.300003,184.539993,185.520004,185.520004,1378200,-,178.308000,183.749601,184.968001,181.310002,1665818.00
10/05/2015,183.860001,189.160004,183.149994,187.520004,187.520004,2031200,-,178.191900,183.676801,185.007500,182.100002,1663214.00
10/02/2015,180.000000,183.910004,176.179993,183.139999,183.139999,2463700,-,178.065550,183.613000,184.782500,182.798001,1676922.00
10/01/2015,176.740005,182.529999,175.300003,181.770004,181.770004,3061500,-,177.952800,183.625400,184.769501,183.623001,1661010.00
09/30/2015,169.000000,176.250000,169.000000,175.850006,175.850006,2218300,-,177.849000,183.711200,184.665000,184.668001,1620236.00
09/29/2015,171.660004,174.929993,166.330002,167.360001,167.360001,2535700,-,177.784500,183.899600,184.760500,185.869000,1600122.00
09/28/2015,182.889999,184.820007,171.410004,172.100006,172.100006,2850000,-,177.768500,184.302600,185.473000,187.984000,1579688.00
09/25/2015,186.750000,187.389999,181.750000,183.529999,183.529999,1453200,-,177.729500,184.574000,185.947499,189.231000,1559904.00
09/24/2015,190.330002,192.699997,184.000000,184.929993,184.929993,2184500,-,177.641400,184.566000,185.853499,189.323000,1575302.00
09/23/2015,193.220001,193.929993,190.919998,191.380005,191.380005,1010900,-,177.549500,184.487400,185.487000,189.259000,1586866.00
09/22/2015,192.649994,194.279999,191.559998,193.419998,193.419998,1572300,-,177.430650,184.201400,184.482499,188.625999,1590170.00
09/21/2015,191.949997,195.000000,191.699997,194.500000,194.500000,1271300,-,177.296050,183.903800,183.386499,187.914999,1577516.00
09/18/2015,191.059998,193.860001,190.020004,191.389999,191.389999,2395900,-,177.162450,183.561600,182.537999,186.767000,1590728.00
09/17/2015,188.679993,193.940002,188.080002,192.220001,192.220001,2337600,-,177.050400,183.186800,182.105499,185.916000,1557920.00
09/16/2015,189.229996,189.380005,185.449997,187.860001,187.860001,1518400,-,176.931750,182.787800,181.904499,184.662000,1533580.00
09/15/2015,184.110001,188.520004,183.009995,188.509995,188.509995,1263700,-,176.840950,182.529000,181.951999,183.651999,1533508.00
09/14/2015,184.100006,185.199997,183.639999,184.570007,184.570007,934000,-,176.738650,182.240200,181.875499,182.962000,1536918.00
09/11/2015,183.169998,185.509995,182.000000,184.449997,184.449997,1420000,-,176.655800,181.984800,181.637999,182.663998,1545012.00
09/10/2015,184.559998,186.410004,182.690002,184.289993,184.289993,1910600,-,176.554950,181.767600,181.447499,182.383998,1557052.00
09/09/2015,188.990005,188.990005,184.830002,185.050003,185.050003,982500,-,176.434950,181.506800,181.285999,181.714999,1560294.00
09/08/2015,185.619995,186.820007,183.100006,186.309998,186.309998,1167600,-,176.303000,181.176600,181.099999,180.338998,1571480.00
09/04/2015,180.589996,183.970001,179.929993,183.020004,183.020004,745700,-,176.164600,180.880400,181.025500,178.857999,1598368.00
09/03/2015,181.000000,184.350006,180.759995,182.880005,182.880005,1176800,-,176.025100,180.576800,181.067000,178.308998,1614070.00
09/02/2015,179.009995,180.649994,177.110001,179.679993,179.679993,898300,-,175.887250,180.288800,181.285500,178.294998,1609206.00
09/01/2015,180.529999,186.080002,176.899994,177.759995,177.759995,1708200,-,175.749350,180.097000,181.729000,179.146999,1611986.00
08/31/2015,181.270004,182.550003,179.690002,181.610001,181.610001,1407900,-,175.624200,179.948000,182.416000,180.251999,1601108.00
08/28/2015,180.490005,181.589996,178.309998,181.589996,181.589996,901200,-,175.461200,179.709200,182.701000,180.788998,1602094.00
08/27/2015,178.929993,182.639999,177.729996,181.649994,181.649994,1322900,-,175.286650,179.486600,182.914500,180.612000,1610318.00
08/26/2015,176.029999,177.910004,171.699997,177.600006,177.600006,1580300,-,175.111500,179.253800,183.230001,180.511000,1614180.00
08/25/2015,174.500000,177.289993,171.289993,171.289993,171.289993,2294200,-,175.005350,179.101200,183.567501,180.856999,1613844.00
08/24/2015,168.179993,173.869995,161.910004,171.500000,171.500000,2892800,-,174.941850,179.099200,184.236501,181.861000,1595276.00
08/21/2015,179.960007,181.539993,175.869995,177.529999,177.529999,1886500,-,174.880900,179.114400,184.755502,183.193001,1571904.00
08/20/2015,186.009995,187.550003,182.740005,182.740005,182.740005,1689500,-,174.785450,179.042200,185.095502,183.825002,1559716.00
08/19/2015,191.000000,192.369995,187.009995,188.199997,188.199997,1464100,-,174.680200,178.835200,185.146501,184.276001,1547402.00
08/18/2015,185.490005,189.240005,185.490005,188.809998,188.809998,1274900,-,174.531150,178.531200,185.039501,184.311002,1557034.00
08/17/2015,182.830002,187.660004,179.610001,186.979996,186.979996,1399200,-,174.359100,178.176800,184.862502,184.580002,1562302.00
08/14/2015,180.190002,180.970001,178.350006,179.820007,179.820007,902100,-,174.192750,177.916600,184.889001,184.613002,1572932.00
08/13/2015,180.059998,182.139999,179.139999,180.639999,180.639999,963600,-,174.080650,177.746800,185.181501,185.217001,1589292.00
08/12/2015,180.820007,182.300003,177.949997,181.059998,181.059998,1164500,-,173.959250,177.558800,185.306001,185.949002,1619506.00
08/11/2015,183.580002,185.000000,180.279999,181.330002,181.330002,886100,-,173.843000,177.463800,185.303001,186.278003,1631542.00
08/10/2015,184.979996,187.660004,183.910004,184.820007,184.820007,1040600,-,173.716550,177.420200,185.090501,186.612003,1666940.00
08/07/2015,182.479996,187.919998,179.550003,183.850006,183.850006,1370800,-,173.548150,177.304200,184.776501,186.318002,1738530.00
08/06/2015,189.360001,189.360001,175.100006,187.250000,187.250000,4315600,-,173.391950,177.154400,184.453500,186.366002,1764118.00
08/05/2015,195.029999,195.460007,183.460007,188.550003,188.550003,2396300,-,173.196600,176.974400,183.723500,186.017001,1767658.00
08/04/2015,183.199997,192.270004,183.199997,191.500000,191.500000,1924800,-,172.972850,176.799000,182.909500,185.768001,2043856.00
08/03/2015,186.940002,189.619995,185.929993,187.309998,187.309998,1762100,-,172.716600,176.475600,182.080500,185.145001,2045880.00
07/31/2015,188.990005,189.990005,185.500000,185.860001,185.860001,1318400,-,172.492300,176.302400,181.418501,185.165001,2048712.00
07/30/2015,182.979996,188.550003,182.979996,187.960007,187.960007,1048900,-,172.277850,176.124200,180.715501,185.146001,2078402.00
07/29/2015,184.199997,187.009995,181.619995,184.350006,184.350006,2299100,-,172.061300,175.997799,179.997000,184.663000,2088720.00
07/28/2015,182.250000,184.910004,182.000000,184.669998,184.669998,1294400,-,171.880150,175.931799,179.342000,184.328000,2058598.00
07/27/2015,184.000000,186.139999,180.259995,181.880005,181.880005,1248000,-,171.713550,175.862399,178.535500,183.569000,2064614.00
07/24/2015,185.220001,186.899994,183.500000,184.330002,184.330002,2716600,-,171.575400,175.760599,178.016499,183.234999,2069038.00
07/23/2015,186.720001,186.839996,182.800003,183.759995,183.759995,1668100,-,171.412050,175.622199,177.191999,182.540999,2037904.00
07/22/2015,184.750000,186.660004,184.750000,186.059998,186.059998,1022800,-,171.260900,175.493799,176.427999,181.429999,2045852.00
07/21/2015,188.119995,188.869995,184.619995,185.270004,185.270004,1212600,-,171.093950,175.348199,175.629499,180.050999,2043254.00
07/20/2015,185.740005,187.699997,185.039993,187.509995,187.509995,1514000,-,170.911850,175.256199,174.881499,179.015999,2044854.00
07/17/2015,183.580002,185.960007,182.080002,185.669998,185.669998,1860800,-,170.715900,175.165199,173.989499,177.672000,2027734.00
07/16/2015,181.669998,184.139999,181.410004,183.130005,183.130005,2223100,-,170.544400,175.129999,173.228999,176.285001,2003896.00
07/15/2015,176.229996,182.399994,175.070007,181.000000,181.000000,2762700,-,170.406650,175.181399,172.572999,175.331000,1970512.00
07/14/2015,179.179993,179.789993,176.520004,177.080002,177.080002,1176100,-,170.285850,175.311199,172.021499,174.356000,1943066.00
07/13/2015,177.949997,178.940002,175.529999,178.539993,178.539993,939600,-,170.173100,175.518399,171.726999,173.501999,1952750.00
07/10/2015,174.179993,177.389999,173.520004,177.389999,177.389999,1931900,-,170.056200,175.688799,171.412999,172.798000,1975548.00
07/09/2015,173.929993,175.369995,171.550003,172.649994,172.649994,755500,-,169.951100,175.907000,171.239499,171.842999,1962988.00
07/08/2015,173.279999,174.380005,170.559998,172.270004,172.270004,1120600,-,169.893600,176.100000,171.226499,171.425999,2013102.00
07/07/2015,174.880005,175.899994,170.300003,174.919998,174.919998,1514800,-,169.844350,176.313800,171.262999,171.207999,2054394.00
07/06/2015,170.899994,174.070007,170.020004,174.070007,174.070007,1434200,-,169.780200,176.530400,171.071499,170.746999,2115420.00
07/02/2015,174.350006,174.990005,171.460007,171.800003,171.800003,1338700,-,169.720800,176.720600,171.066499,170.306998,2130394.00
07/01/2015,172.970001,173.820007,168.729996,173.589996,173.589996,2022000,-,169.668900,176.982400,171.042999,170.172998,2114380.00
06/30/2015,169.380005,171.320007,168.270004,171.250000,171.250000,2072700,-,169.600400,177.246800,170.925499,169.814998,2090120.00
06/29/2015,170.770004,171.240005,166.539993,168.539993,168.539993,1541800,-,169.539650,177.499400,171.178499,169.686998,2066762.00
06/26/2015,168.320007,172.759995,167.240005,171.500000,171.500000,2512000,-,169.490950,177.863400,171.708999,169.951999,2069216.00
06/25/2015,169.089996,170.070007,166.750000,167.839996,167.839996,1530800,-,169.421600,178.240600,172.084999,170.027998,2025858.00
06/24/2015,170.000000,170.330002,168.000000,168.479996,168.479996,933600,-,169.365000,178.682000,172.510999,170.635999,2003712.00
06/23/2015,170.710007,172.449997,169.750000,170.089996,170.089996,1037300,-,169.311300,179.130200,172.999500,171.026999,1994404.00
06/22/2015,170.669998,172.039993,169.850006,170.309998,170.309998,1164300,-,169.252500,179.508800,173.484000,171.317999,1987434.00
06/19/2015,170.960007,171.350006,169.440002,169.669998,169.669998,1457200,-,169.191700,179.938800,173.735000,171.395999,1971754.00
06/18/2015,170.440002,171.699997,169.169998,170.460007,170.460007,1312400,-,169.141350,180.364000,174.184000,171.825999,1950374.00
06/17/2015,170.539993,171.229996,169.509995,170.009995,170.009995,1516000,-,169.081050,180.770400,174.508499,171.912999,1942578.00
06/16/2015,171.240005,172.759995,169.279999,169.970001,169.970001,1563500,-,169.015350,181.165200,175.089999,172.036000,1917660.00
06/15/2015,171.690002,172.059998,170.000000,171.190002,171.190002,1365800,-,168.945550,181.629600,175.643999,172.670000,1897836.00
06/12/2015,172.860001,173.990005,170.210007,172.259995,172.259995,1724200,-,168.873750,181.997400,176.144499,173.465999,1885302.00
06/11/2015,172.429993,173.940002,171.630005,173.919998,173.919998,1277100,-,168.788800,182.364800,176.370999,174.142000,1870160.00
06/10/2015,173.830002,174.050003,171.690002,172.389999,172.389999,1073800,-,168.694500,182.748600,176.545499,174.386000,1913672.00
06/09/2015,171.500000,173.710007,168.839996,173.000000,173.000000,1945700,-,168.609700,182.968600,176.792999,174.972000,1902830.00
06/08/2015,172.740005,173.429993,170.009995,171.089996,171.089996,1538300,-,168.528450,183.108600,177.081999,175.650000,1875788.00
06/05/2015,171.419998,174.240005,170.089996,173.970001,173.970001,1930700,-,168.451850,183.321801,177.560999,176.074001,1862564.00
06/04/2015,170.360001,172.360001,170.000000,171.330002,171.330002,1720100,-,168.362750,183.502401,178.010500,176.542000,1840918.00
06/03/2015,177.020004,178.089996,170.690002,171.240005,171.240005,2474300,-,168.293150,183.829400,178.639500,177.103999,1819880.00
06/02/2015,178.360001,179.979996,175.949997,176.309998,176.309998,1766300,-,168.215000,184.182000,179.362499,178.143999,1780092.00
06/01/2015,179.179993,181.899994,177.380005,179.149994,179.149994,2656000,-,168.115650,184.436000,179.921500,178.617999,1761982.00
05/29/2015,175.750000,179.309998,175.020004,179.020004,179.020004,4620100,-,167.994950,184.616600,180.336000,178.823000,1719590.00
05/28/2015,177.839996,178.369995,172.169998,176.360001,176.360001,2650200,-,167.863400,184.822600,180.738000,178.599998,1638762.00
05/27/2015,180.300003,180.300003,176.089996,178.250000,178.250000,4492600,-,167.743750,185.067800,181.335000,178.704999,1602178.00
05/26/2015,176.020004,183.929993,172.389999,179.779999,179.779999,16206200,-,167.612700,185.330400,181.537500,178.613998,1524782.00
05/22/2015,178.839996,181.619995,174.580002,175.330002,175.330002,2026000,-,167.470800,185.557400,181.696500,178.513998,1217376.00
05/21/2015,178.199997,179.440002,176.740005,178.649994,178.649994,1903700,-,167.362950,185.920000,182.217500,179.047998,1252328.00
05/20/2015,180.970001,181.000000,176.779999,176.949997,176.949997,2802900,-,167.244550,185.999200,182.464001,179.478999,1224302.00
05/19/2015,180.820007,182.850006,180.820007,181.639999,181.639999,1564800,-,167.145300,186.087000,182.861001,180.175000,1183638.00
05/18/2015,180.610001,182.160004,180.009995,181.050003,181.050003,793000,-,166.998400,186.134800,183.119501,180.581000,1172130.00
05/15/2015,177.949997,181.740005,177.139999,181.199997,181.199997,1595200,-,166.865750,186.184200,183.261001,181.225000,1165164.00
05/14/2015,178.050003,179.119995,176.550003,176.789993,176.789993,1469200,-,166.768600,186.249800,183.538001,181.849001,1144872.00
05/13/2015,177.830002,179.800003,177.059998,177.410004,177.410004,1159900,-,166.694950,186.428801,184.216502,182.876001,1129216.00
05/12/2015,177.639999,181.500000,175.949997,177.339996,177.339996,2065500,-,166.615300,186.619801,184.841502,183.965001,1120714.00
05/11/2015,181.110001,183.100006,178.580002,178.779999,178.779999,892900,-,166.540350,186.792001,185.519002,184.461002,1110774.00
05/08/2015,186.259995,186.259995,180.059998,180.669998,180.669998,1292600,-,166.465750,186.828401,186.031002,184.879002,1111276.00
05/07/2015,184.410004,184.610001,182.619995,182.960007,182.960007,658000,-,166.378050,186.858601,186.588002,185.387003,1105306.00
05/06/2015,185.990005,186.250000,183.089996,183.910004,183.910004,668900,-,166.276700,186.843601,186.986501,185.449002,1117326.00
05/05/2015,187.610001,189.000000,185.369995,185.699997,185.699997,553900,-,166.172150,186.720801,187.330001,185.547002,1117674.00
05/04/2015,188.199997,191.899994,187.300003,187.490005,187.490005,1390400,-,166.064400,186.524401,187.532501,185.658002,1121038.00
05/01/2015,182.360001,188.500000,181.199997,187.440002,187.440002,1660300,-,165.941950,186.292401,187.817501,185.297002,1106586.00
04/30/2015,190.169998,194.000000,186.600006,187.059998,187.059998,2079500,-,165.824650,186.034201,187.924501,185.227002,1089230.00
04/29/2015,182.100006,188.539993,181.940002,188.300003,188.300003,1303900,-,165.705050,185.778801,188.103001,185.557002,1069212.00
04/28/2015,183.000000,184.330002,179.770004,182.300003,182.300003,3261200,-,165.582050,185.541801,188.343501,185.718002,1055046.00
04/27/2015,185.839996,186.270004,180.520004,182.960007,182.960007,3185200,-,165.481900,185.453401,188.398001,186.577002,1001360.00
04/24/2015,182.550003,188.869995,180.550003,185.750000,185.750000,4566100,-,165.381500,185.334800,188.250001,187.183002,952768.00
04/23/2015,184.779999,188.830002,182.649994,183.580002,183.580002,2182900,-,165.263500,185.125600,188.050001,187.789001,875186.00
04/22/2015,187.179993,187.179993,184.580002,184.889999,184.889999,538000,-,165.138700,184.971800,188.021001,188.524001,845586.00
04/21/2015,183.850006,187.380005,183.589996,186.809998,186.809998,809000,-,165.017650,184.716800,188.160500,189.113000,855518.00
04/20/2015,187.399994,189.470001,183.710007,183.880005,183.880005,904800,-,164.895700,184.449200,188.263500,189.407001,854430.00
04/17/2015,188.050003,189.050003,182.460007,186.740005,186.740005,1664500,-,164.786300,184.257600,188.520000,190.338000,879528.00
04/16/2015,189.149994,190.649994,188.899994,190.360001,190.360001,344100,-,164.654600,183.786600,188.591999,190.622000,891204.00
04/15/2015,190.020004,191.850006,189.660004,189.910004,189.910004,423500,-,164.494700,183.138800,188.539999,190.649001,916568.00
04/14/2015,189.940002,191.970001,189.289993,190.889999,190.889999,468200,-,164.319350,182.420600,188.475499,190.969000,928944.00
04/13/2015,191.850006,193.800003,188.720001,189.020004,189.020004,688800,-,164.124900,181.625200,188.499999,190.219000,952830.00
04/10/2015,191.320007,191.940002,189.880005,191.809998,191.809998,380300,-,163.939799,180.886600,188.605499,189.317000,965638.00
04/09/2015,191.000000,192.000000,189.559998,190.929993,190.929993,388200,-,163.736049,180.062400,188.688000,188.311000,987432.00
04/08/2015,188.500000,190.940002,187.850006,190.779999,190.779999,922600,-,163.539550,179.372400,188.272000,187.518001,993980.00
04/07/2015,192.970001,193.979996,189.660004,189.750000,189.750000,270100,-,163.338200,178.720400,187.800000,187.208000,985822.00
04/06/2015,189.410004,193.360001,189.410004,193.190002,193.190002,572300,-,163.130700,178.104000,187.514000,187.120000,989360.00
04/02/2015,190.080002,191.979996,189.570007,189.580002,189.580002,739100,-,162.907999,177.420000,187.030500,186.701999,986898.00
04/01/2015,191.940002,193.800003,189.440002,190.630005,190.630005,967100,-,162.700099,176.743400,186.775500,186.561998,982788.00
03/31/2015,196.369995,199.000000,192.639999,193.110001,193.110001,3452700,-,162.489449,176.053400,186.531000,186.430998,982780.00
03/30/2015,181.169998,183.970001,181.169998,183.389999,183.389999,531700,-,162.264949,175.413400,186.223500,185.981998,930174.00
03/27/2015,181.779999,183.110001,179.949997,180.000000,180.000000,593600,-,162.086949,174.955400,186.351500,186.780998,937014.00
03/26/2015,182.800003,182.800003,178.690002,181.750000,181.750000,877100,-,161.932949,174.518000,186.381500,187.893999,958488.00
03/25/2015,187.750000,188.589996,182.839996,183.000000,183.000000,848400,-,161.768649,174.171000,186.403000,189.064999,957754.00
03/24/2015,188.330002,188.869995,186.270004,187.679993,187.679993,668200,-,161.597299,173.788000,186.363500,189.025999,952226.00
03/23/2015,189.399994,190.789993,188.470001,188.869995,188.869995,484900,-,161.403249,173.274000,185.868001,188.392000,948402.00
03/20/2015,189.839996,190.000000,188.380005,189.009995,189.009995,860800,-,161.196999,172.755400,185.218501,187.908000,962106.00
03/19/2015,188.399994,190.009995,187.050003,188.179993,188.179993,536400,-,160.989349,172.111000,184.562502,187.359001,967344.00
03/18/2015,188.139999,189.990005,186.910004,189.320007,189.320007,578700,-,160.784549,171.473600,183.880002,186.989001,985000.00
03/17/2015,189.000000,190.830002,187.589996,188.619995,188.619995,821000,-,160.573699,170.897200,183.128501,186.631001,998078.00
03/16/2015,192.089996,192.149994,189.759995,191.380005,191.380005,622800,-,160.346299,170.453400,182.520001,186.465002,995920.00
03/13/2015,192.250000,195.179993,190.080002,191.130005,191.130005,835900,-,160.102949,169.958200,181.845001,185.922002,990388.00
03/12/2015,184.190002,196.000000,183.630005,193.460007,193.460007,3773600,-,159.865249,169.514000,181.140001,184.869002,978392.00
03/11/2015,181.399994,183.300003,180.050003,182.610001,182.610001,502400,-,159.612499,169.029399,180.231500,183.741000,910892.00
03/10/2015,182.649994,183.520004,180.660004,181.339996,181.339996,769700,-,159.402399,168.740599,179.895500,183.701001,904726.00
03/09/2015,183.289993,184.279999,183.000000,184.029999,184.029999,989400,-,159.186549,168.463000,179.435500,183.344002,892886.00
03/06/2015,183.550003,184.990005,182.369995,183.520004,183.520004,444700,-,158.959199,168.137800,178.905500,182.529002,892256.00
03/05/2015,186.979996,186.979996,182.830002,184.479996,184.479996,580600,-,158.736399,167.767200,178.444500,181.766002,900310.00
03/04/2015,186.589996,187.199997,183.679993,185.740005,185.740005,686400,-,158.507399,167.370200,177.380000,180.771002,915742.00
03/03/2015,185.389999,187.759995,183.860001,186.960007,186.960007,734800,-,158.265999,166.901400,175.991500,179.626001,925318.00
03/02/2015,180.460007,186.039993,179.460007,185.949997,185.949997,1568500,-,158.015749,166.407200,174.343500,178.575000,936334.00
02/27/2015,182.399994,183.240005,179.809998,180.600006,180.600006,918000,-,157.766749,165.900000,172.602000,177.768001,920678.00
02/26/2015,182.300003,183.229996,180.169998,182.179993,182.179993,994100,-,157.546849,165.508199,171.176499,177.411000,919970.00
02/25/2015,177.240005,182.259995,175.460007,182.210007,182.210007,1259000,-,157.321299,165.123600,169.597500,176.722000,915434.00
02/24/2015,175.539993,177.990005,175.110001,177.770004,177.770004,686300,-,157.099999,164.762599,168.308499,176.089999,906736.00
02/23/2015,175.679993,176.669998,174.479996,175.880005,175.880005,722100,-,156.898199,164.493199,167.328999,175.526999,905820.00
02/20/2015,174.740005,176.000000,172.509995,175.889999,175.889999,667800,-,156.716399,164.293799,166.481498,175.281998,899846.00
02/19/2015,175.179993,175.479996,172.610001,174.529999,174.529999,792500,-,156.529049,164.107000,165.636498,175.122998,897664.00
02/18/2015,175.940002,177.080002,173.830002,174.289993,174.289993,1078600,-,156.348449,163.968600,164.697498,173.988998,895998.00
02/17/2015,176.270004,177.690002,174.339996,176.449997,176.449997,595600,-,156.163049,163.812800,163.789499,172.356999,894204.00
02/13/2015,177.309998,178.080002,176.309998,177.880005,177.880005,576900,-,155.964199,163.639400,163.022499,170.112000,899514.00
02/12/2015,175.820007,177.729996,175.130005,177.029999,177.029999,755600,-,155.752449,163.461400,162.152999,167.435999,900458.00
02/11/2015,175.789993,177.160004,174.350006,175.289993,175.289993,687000,-,155.553049,163.290600,161.207999,164.941998,902116.00
02/10/2015,173.059998,176.179993,171.910004,175.889999,175.889999,702900,-,155.376849,163.178800,160.663499,162.473000,896914.00
02/09/2015,172.350006,173.880005,171.350006,172.139999,172.139999,1034600,-,155.147449,163.022000,160.061500,160.526999,895768.00
02/06/2015,175.800003,175.800003,172.360001,173.429993,173.429993,754600,-,154.939199,162.939200,159.553500,159.130998,903510.00
02/05/2015,165.000000,176.350006,165.000000,174.300003,174.300003,2159700,-,154.712549,162.756200,159.029000,157.680998,902124.00
02/04/2015,158.610001,168.860001,157.509995,163.190002,163.190002,2248300,-,154.475849,162.476000,158.153500,156.149998,875266.00
02/03/2015,154.630005,158.720001,154.339996,157.970001,157.970001,1612300,-,154.277949,162.385400,157.809499,155.405998,844636.00
02/02/2015,151.160004,154.309998,150.289993,154.000000,154.000000,1042300,-,154.077249,162.398600,157.935999,155.221999,825372.00
01/30/2015,151.199997,152.440002,149.470001,151.119995,151.119995,1662500,-,153.897799,162.421000,158.557499,155.932999,816298.00
01/29/2015,151.220001,152.820007,150.000000,152.089996,152.089996,1329200,-,153.732549,162.504800,159.332499,156.870000,797044.00
01/28/2015,157.649994,157.970001,150.449997,150.600006,150.600006,1470000,-,153.569149,162.505000,160.173999,157.474001,788540.00
01/27/2015,159.119995,159.369995,156.020004,156.429993,156.429993,715600,-,153.408449,162.547600,161.105499,158.853999,802456.00
01/26/2015,158.570007,159.899994,157.059998,158.179993,158.179993,514700,-,153.236249,162.399200,161.692499,159.596001,823484.00
01/23/2015,159.259995,159.759995,156.740005,158.929993,158.929993,447000,-,153.065550,162.169200,162.156499,159.976001,869762.00
01/22/2015,156.279999,159.250000,155.460007,158.990005,158.990005,449200,-,152.876650,161.923000,162.598500,160.377002,933548.00
01/21/2015,155.410004,157.570007,154.100006,155.750000,155.750000,533600,-,152.676400,161.870600,162.898500,160.157001,946028.00
01/20/2015,161.429993,162.419998,155.500000,156.130005,156.130005,966700,-,152.511250,161.927400,163.342500,160.213000,947834.00
01/16/2015,160.250000,161.320007,158.770004,161.110001,161.110001,822400,-,152.355100,161.990999,163.651000,160.650000,950194.00
01/15/2015,158.130005,161.339996,156.500000,160.490005,160.490005,873700,-,152.182050,161.937599,163.708000,161.181999,947404.00
01/14/2015,160.220001,161.789993,155.800003,158.130005,158.130005,1667300,-,152.007799,161.961599,163.713000,161.794998,947240.00
01/13/2015,165.470001,167.059998,163.289993,164.399994,164.399994,840400,-,151.833149,161.966799,163.856999,162.873997,934190.00
01/12/2015,162.669998,164.369995,160.770004,163.850006,163.850006,572000,-,151.623200,161.766799,163.784499,163.356998,937392.00
01/09/2015,163.190002,164.199997,161.830002,161.979996,161.979996,477000,-,151.410249,161.563999,163.799999,163.788997,952126.00
01/08/2015,157.610001,165.660004,157.610001,162.940002,162.940002,1170100,-,151.215900,161.472399,163.916000,164.336998,958662.00
01/07/2015,157.220001,160.110001,155.500000,156.789993,156.789993,1122700,-,151.021800,161.340799,164.064500,164.819998,951096.00
01/06/2015,160.899994,161.830002,155.850006,156.309998,156.309998,1419200,-,150.866600,161.361199,164.552500,165.639999,952398.00
01/05/2015,166.080002,166.419998,159.720001,160.500000,160.500000,1232600,-,150.721300,161.355799,165.117500,166.472000,939324.00
01/02/2015,167.229996,167.300003,164.529999,166.429993,166.429993,713100,-,150.552300,161.168599,165.417500,166.652000,926658.00
12/31/2014,168.729996,169.800003,166.360001,166.619995,166.619995,346200,-,150.352500,160.892199,165.485001,166.234001,935402.00
12/30/2014,168.759995,169.539993,167.770004,168.919998,168.919998,236100,-,150.149350,160.523399,165.603001,165.631001,956672.00
12/29/2014,167.580002,169.639999,166.910004,169.229996,169.229996,398600,-,149.937200,160.020999,165.581501,164.840001,976704.00
12/26/2014,168.259995,168.720001,166.660004,168.169998,168.169998,194100,-,149.726050,159.441400,165.605001,164.212001,1005960.00
12/24/2014,167.699997,168.710007,167.000000,167.460007,167.460007,177700,-,149.513800,158.927000,165.599001,163.811002,1036046.00
12/23/2014,165.740005,168.759995,165.009995,167.770004,167.770004,957900,-,149.312850,158.437199,165.626001,163.495001,1061586.00
12/22/2014,164.229996,166.300003,163.679993,164.990005,164.990005,847400,-,149.112700,157.974799,165.451501,163.309001,1061648.00
12/19/2014,162.059998,164.830002,161.300003,164.630005,164.630005,1352200,-,148.930449,157.637399,165.216500,163.465001,1060880.00
12/18/2014,163.440002,165.410004,161.190002,162.300003,162.300003,1165200,-,148.742299,157.371799,164.918000,163.763000,1043920.00
12/17/2014,161.029999,163.449997,158.000000,162.250000,162.250000,1285600,-,148.563999,157.210799,164.734500,164.183000,1040010.00
12/16/2014,160.970001,162.679993,159.610001,160.589996,160.589996,785700,-,148.389799,156.998999,164.378000,164.736000,1028278.00
12/15/2014,163.449997,167.490005,160.289993,161.009995,161.009995,882600,-,148.227949,156.857799,164.114000,165.575000,1028970.00
12/12/2014,161.649994,164.149994,161.630005,162.949997,162.949997,767300,-,148.051350,156.690999,163.668501,166.323001,1034542.00
12/11/2014,164.399994,165.529999,163.779999,164.160004,164.160004,824100,-,147.870450,156.408999,163.157500,166.998001,1054404.00
12/10/2014,166.009995,167.050003,163.899994,164.300003,164.300003,640500,-,147.670350,156.092199,162.400000,167.387001,1062814.00
12/09/2014,165.300003,166.429993,163.690002,165.910004,165.910004,423400,-,147.455099,155.833599,161.518999,167.757001,1090490.00
12/08/2014,167.089996,167.889999,165.869995,166.550003,166.550003,558700,-,147.232249,155.626999,160.554499,167.594000,1106432.00
12/05/2014,167.600006,168.220001,166.740005,167.610001,167.610001,709200,-,147.017399,155.432799,160.045499,166.967999,1113464.00
12/04/2014,167.940002,167.940002,165.500000,166.500000,166.500000,988900,-,146.804749,155.171199,159.594498,166.073000,1119404.00
12/03/2014,168.509995,169.479996,167.410004,167.779999,167.779999,861100,-,146.631449,154.944399,159.234998,165.286000,1126092.00
12/02/2014,168.869995,169.850006,167.529999,168.979996,168.979996,624100,-,146.444749,154.716199,158.767999,164.020000,1125826.00
12/01/2014,169.570007,169.570007,167.720001,168.490005,168.490005,838500,-,146.257349,154.559599,158.403499,162.653000,1145936.00
11/28/2014,168.350006,169.729996,168.220001,169.699997,169.699997,426900,-,146.061649,154.438199,157.898499,161.014000,1167494.00
11/26/2014,167.690002,168.729996,165.669998,168.050003,168.050003,645600,-,145.857700,154.285999,157.133498,159.317000,1173178.00
11/25/2014,164.600006,168.979996,164.160004,168.000000,168.000000,1421700,-,145.705300,154.168799,156.416499,157.412999,1174210.00
11/24/2014,160.539993,164.380005,159.169998,164.279999,164.279999,685300,-,145.554799,154.037199,155.886498,155.280998,1162588.00
11/21/2014,161.699997,161.699997,158.179993,160.289993,160.289993,816800,-,145.421499,153.949399,155.490498,153.514998,1163212.00
11/20/2014,158.070007,160.839996,157.529999,158.660004,158.660004,716800,-,145.307550,153.925599,155.366499,153.122998,1166730.00
11/19/2014,154.899994,158.779999,154.899994,158.630005,158.630005,649100,-,145.196749,153.928399,155.235498,153.115997,1162470.00
11/18/2014,154.949997,156.520004,154.539993,155.119995,155.119995,588600,-,145.090350,153.908399,154.860998,153.183997,1165006.00
11/17/2014,152.660004,155.470001,152.119995,155.309998,155.309998,699800,-,145.009050,153.936399,154.735498,153.515997,1164368.00
11/14/2014,152.809998,153.750000,151.309998,152.100006,152.100006,904000,-,144.913100,153.984999,154.378998,154.153998,1157062.00
11/13/2014,150.000000,154.460007,149.500000,152.729996,152.729996,2165800,-,144.837599,154.109599,153.963998,154.782997,1147466.00
11/12/2014,146.679993,150.130005,145.529999,149.009995,149.009995,1767000,-,144.767800,154.217999,153.339998,154.949997,1120916.00
11/11/2014,146.619995,147.039993,142.369995,146.679993,146.679993,2828600,-,144.713950,154.429799,153.011998,155.419998,1100520.00
11/10/2014,156.259995,156.279999,145.679993,146.619995,146.619995,3636300,-,144.663800,154.664200,152.826498,156.491998,1060108.00
11/07/2014,160.369995,162.729996,155.179993,156.369995,156.369995,1073200,-,144.615300,154.869200,152.727998,157.465999,1005418.00
11/06/2014,158.899994,163.179993,156.149994,158.589996,158.589996,623900,-,144.490550,154.862000,152.315498,157.609999,990744.00
11/05/2014,160.059998,160.490005,157.460007,159.309998,159.309998,1084700,-,144.364900,154.826800,151.953499,157.354999,992244.00
11/04/2014,160.639999,162.050003,157.610001,158.440002,158.440002,682900,-,144.243350,154.746000,151.700499,156.537999,977934.00
11/03/2014,158.990005,161.960007,158.309998,161.690002,161.690002,865500,-,144.118650,154.678400,151.361499,155.954999,970270.00
10/31/2014,157.800003,159.100006,155.690002,158.389999,158.389999,1014800,-,143.981650,154.553199,150.953499,154.603998,959274.00
10/30/2014,152.449997,155.699997,150.750000,154.399994,154.399994,1000500,-,143.864500,154.520399,150.667499,153.144998,947254.00
10/29/2014,157.000000,157.000000,151.929993,153.710007,153.710007,1308700,-,143.772700,154.547800,150.389999,151.729999,937704.00
10/28/2014,157.389999,159.149994,154.940002,157.399994,157.399994,803800,-,143.690850,154.596599,150.120499,150.603998,922638.00
10/27/2014,157.139999,158.419998,154.940002,156.360001,156.360001,791800,-,143.574950,154.596800,149.818999,149.160999,928968.00
10/24/2014,157.059998,158.169998,156.169998,157.809998,157.809998,1187800,-,143.475250,154.581800,149.780000,147.989998,938330.00
10/23/2014,152.970001,156.389999,151.610001,156.039993,156.039993,765500,-,143.366250,154.554400,149.731499,147.020998,933590.00
10/22/2014,153.289993,153.869995,150.699997,151.139999,151.139999,599300,-,143.266500,154.533800,149.656000,146.551999,941394.00
10/21/2014,150.399994,154.179993,148.669998,152.610001,152.610001,1150300,-,143.201200,154.565200,149.857000,146.862999,943070.00
10/20/2014,143.899994,148.300003,143.399994,148.179993,148.179993,1409700,-,143.113150,154.561600,150.045000,146.767999,933256.00
10/17/2014,141.630005,145.350006,141.179993,143.800003,143.800003,1237700,-,143.039100,154.638800,150.693500,147.303000,923546.00
10/16/2014,140.750000,142.339996,137.509995,140.250000,140.250000,1861400,-,142.993900,154.790800,151.624500,148.189999,909972.00
10/15/2014,141.639999,143.259995,138.839996,142.449997,142.449997,1698400,-,142.976450,155.060999,152.716499,149.050000,885074.00
10/14/2014,145.089996,146.070007,142.149994,142.970001,142.970001,1454700,-,142.935100,155.311400,153.703500,149.637001,869534.00
10/13/2014,147.639999,149.259995,144.369995,144.649994,144.649994,961000,-,142.887750,155.594000,154.625999,150.477000,865346.00
10/10/2014,150.529999,151.899994,147.800003,148.119995,148.119995,809000,-,142.825300,155.746200,155.388000,151.570001,884590.00
10/09/2014,154.210007,154.210007,150.880005,151.350006,151.350006,504200,-,142.746050,155.874200,155.937000,152.442001,924414.00
10/08/2014,151.779999,154.649994,151.139999,154.250000,154.250000,969700,-,142.646300,156.082600,156.309500,152.760001,932574.00
10/07/2014,152.250000,153.070007,151.490005,151.660004,151.660004,699000,-,142.525150,156.238800,156.478500,152.851001,944500.00
10/06/2014,153.380005,153.960007,152.630005,153.529999,153.529999,820300,-,142.412450,156.435200,156.721500,153.322000,942110.00
10/03/2014,150.139999,153.690002,149.669998,152.669998,152.669998,1161200,-,142.296500,156.611600,156.932001,154.084000,936000.00
10/02/2014,148.520004,149.270004,146.660004,148.850006,148.850006,1760400,-,142.183700,156.835400,157.215001,155.059000,923868.00
10/01/2014,151.000000,151.000000,147.529999,148.320007,148.320007,1244600,-,142.096250,157.121000,157.680000,156.382999,907640.00
09/30/2014,155.350006,157.529999,150.479996,151.369995,151.369995,2024300,-,142.012349,157.408400,158.244000,157.769998,900398.00
09/29/2014,155.520004,156.570007,154.960007,155.580002,155.580002,1220500,-,141.915450,157.641000,158.595500,158.774998,881318.00
09/26/2014,154.399994,157.000000,153.690002,156.839996,156.839996,910300,-,141.791650,157.812400,158.660000,159.205998,871274.00
09/25/2014,155.199997,155.470001,154.250000,154.529999,154.529999,1006200,-,141.666200,157.935600,158.618500,159.431999,884094.00
09/24/2014,156.130005,156.710007,153.389999,155.160004,155.160004,1323300,-,141.534350,158.124600,158.733500,159.859000,885476.00
09/23/2014,160.850006,161.240005,156.289993,156.369995,156.369995,847800,-,141.397300,158.284200,158.739000,160.106000,881990.00
09/22/2014,161.729996,162.279999,159.919998,161.149994,161.149994,1629600,-,141.251800,158.430800,158.673500,160.121001,878532.00
09/19/2014,162.970001,162.970001,160.869995,162.419998,162.419998,1916400,-,141.093200,158.453200,158.387500,159.780002,861406.00
09/18/2014,162.460007,162.490005,161.210007,162.089996,162.089996,711100,-,140.927650,158.462400,158.104000,159.371002,846622.00
09/17/2014,162.009995,162.880005,160.330002,162.190002,162.190002,697200,-,140.780800,158.463600,157.788000,158.977002,857508.00
09/16/2014,159.820007,161.580002,159.820007,161.419998,161.419998,840600,-,140.645350,158.392200,157.486000,158.718002,871566.00
09/15/2014,157.479996,160.009995,157.479996,159.889999,159.889999,716500,-,140.513150,158.377400,157.285500,158.416002,871498.00
09/12/2014,158.389999,159.399994,157.179993,159.100006,159.100006,992700,-,140.394300,158.428000,157.071500,158.114001,874354.00
09/11/2014,157.210007,159.190002,157.199997,158.800003,158.800003,503800,-,140.270250,158.485999,156.938500,157.805000,879658.00
09/10/2014,157.220001,157.990005,156.119995,157.630005,157.630005,775900,-,140.149550,158.517999,156.749000,157.608000,894602.00
09/09/2014,156.990005,157.210007,155.059998,156.520004,156.520004,556700,-,139.996199,158.532999,156.503000,157.372000,904422.00
09/08/2014,157.820007,159.179993,156.889999,157.740005,157.740005,334500,-,139.848399,158.499399,156.298499,157.225999,927080.00
09/05/2014,158.089996,159.039993,157.740005,158.330002,158.330002,424200,-,139.705049,158.384599,156.013499,156.994998,931284.00
09/04/2014,159.600006,159.649994,157.139999,158.149994,158.149994,838300,-,139.561099,158.257999,155.666998,156.836998,939554.00
09/03/2014,158.910004,160.130005,158.259995,159.600006,159.600006,747200,-,139.413799,158.116199,155.447498,156.598999,941568.00
09/02/2014,156.669998,158.679993,156.479996,158.399994,158.399994,808000,-,139.256149,157.956799,155.215998,156.253998,949538.00
08/29/2014,156.850006,156.960007,154.940002,156.869995,156.869995,901800,-,139.107949,157.798999,155.150999,156.154999,954080.00
08/28/2014,156.199997,157.149994,155.830002,156.009995,156.009995,339500,-,138.965900,157.626599,154.920499,156.028999,954050.00
08/27/2014,155.110001,158.050003,155.089996,156.830002,156.830002,698900,-,138.821050,157.479399,154.845999,156.072000,967586.00
08/26/2014,155.500000,155.580002,154.539993,155.270004,155.270004,369200,-,138.677200,157.302799,155.092999,155.889999,963938.00
08/25/2014,155.800003,156.169998,154.470001,155.059998,155.059998,299700,-,138.538200,157.167399,155.432499,155.634000,969338.00
08/22/2014,157.029999,159.199997,155.009995,155.429993,155.429993,315700,-,138.407500,157.030399,155.753499,155.370999,978300.00
08/21/2014,156.240005,156.830002,155.470001,156.750000,156.750000,413800,-,138.285650,156.877599,156.099500,155.031999,987010.00
08/20/2014,155.509995,158.080002,154.809998,155.770004,155.770004,523000,-,138.180750,156.726599,156.455000,154.496999,993988.00
08/19/2014,157.520004,158.210007,155.600006,156.149994,156.149994,555400,-,138.092250,156.588999,156.823000,154.295998,1006762.00
08/18/2014,155.990005,158.029999,155.220001,157.410004,157.410004,1120300,-,137.981700,156.440599,157.150000,154.177998,1015798.00
08/15/2014,160.979996,160.990005,155.179993,155.610001,155.610001,1259900,-,137.869750,156.269799,157.429500,154.146999,1013716.00
08/14/2014,154.559998,156.630005,154.380005,156.440002,156.440002,950800,-,137.777850,156.109999,157.856499,153.811998,997290.00
08/13/2014,153.470001,156.270004,153.470001,155.009995,155.009995,1155700,-,137.678350,155.930799,158.184499,153.619998,987816.00
08/12/2014,152.410004,153.979996,151.710007,152.710007,152.710007,683100,-,137.596200,155.774999,158.632999,154.295999,986564.00
08/11/2014,152.160004,153.740005,151.729996,152.429993,152.429993,659600,-,137.522500,155.663799,159.154499,155.230998,1005690.00
08/08/2014,151.789993,152.589996,151.000000,152.039993,152.039993,924200,-,137.436450,155.477999,159.717999,156.135999,1021750.00
08/07/2014,154.449997,156.429993,151.289993,151.399994,151.399994,559000,-,137.359800,155.291399,160.229500,157.167000,1020484.00
08/06/2014,153.910004,155.889999,153.000000,153.759995,153.759995,616500,-,137.288300,155.135199,160.803500,158.413000,1026354.00
08/05/2014,156.100006,156.779999,153.169998,154.970001,154.970001,921400,-,137.206050,154.918199,161.223000,159.350002,1036676.00
08/04/2014,152.789993,158.660004,152.380005,157.100006,157.100006,1245300,-,137.119750,154.630599,161.405500,160.122002,1031516.00
08/01/2014,155.679993,157.410004,149.660004,152.259995,152.259995,1923200,-,137.029300,154.251999,161.584499,160.712001,1021692.00
07/31/2014,161.300003,161.479996,151.589996,154.520004,154.520004,2800200,-,136.955200,153.977999,162.092500,161.901001,995652.00
07/30/2014,162.160004,163.539993,160.639999,161.770004,161.770004,912200,-,136.868550,153.666799,162.466499,162.749001,954836.00
07/29/2014,162.250000,167.300003,161.589996,162.059998,162.059998,1566000,-,136.740850,153.204999,162.397999,162.970000,951910.00
07/28/2014,162.729996,163.449997,161.179993,161.479996,161.479996,579500,-,136.611000,152.712999,162.213999,163.078000,930764.00
07/25/2014,163.789993,164.000000,162.029999,162.350006,162.350006,514800,-,136.461100,152.221599,161.881999,163.300000,939288.00
07/24/2014,163.610001,164.460007,162.759995,163.860001,163.860001,554600,-,136.307400,151.697599,161.364499,163.292000,958226.00
07/23/2014,162.500000,164.089996,162.059998,163.130005,163.130005,949000,-,136.150550,151.152799,160.771499,163.194000,984206.00
07/22/2014,163.809998,165.199997,162.589996,162.690002,162.690002,882500,-,135.998100,150.631599,160.167999,163.095999,988174.00
07/21/2014,163.149994,164.800003,162.520004,163.000000,163.000000,1070300,-,135.842400,150.136799,159.614999,162.688998,984352.00
07/18/2014,163.929993,164.320007,161.889999,164.149994,164.149994,718300,-,135.696350,149.624999,158.990498,162.456998,987666.00
07/17/2014,162.000000,164.279999,161.500000,163.000000,163.000000,1551300,-,135.552950,149.132399,158.195499,162.283998,999114.00
07/16/2014,164.050003,165.490005,163.000000,163.979996,163.979996,1075300,-,135.411750,148.640799,157.477998,162.183998,987418.00
07/15/2014,163.449997,164.440002,162.509995,163.139999,163.139999,1149000,-,135.259700,148.129399,156.678999,161.825998,979224.00
07/14/2014,162.940002,164.550003,162.429993,163.699997,163.699997,674900,-,135.123950,147.610799,155.946999,161.349998,970482.00
07/11/2014,163.419998,163.630005,161.190002,162.270004,162.270004,773300,-,134.975500,147.070399,155.172499,160.463998,984710.00
07/10/2014,160.850006,163.500000,160.250000,162.880005,162.880005,1177200,-,134.819900,146.535599,154.448499,159.436998,1006108.00
07/09/2014,159.479996,162.160004,158.410004,162.149994,162.149994,1255400,-,134.672700,146.020999,153.764498,158.348997,1028076.00
07/08/2014,160.529999,160.529999,158.570007,158.619995,158.619995,1400100,-,134.531150,145.578999,153.101498,157.239998,1143256.00
07/07/2014,162.520004,163.000000,160.070007,160.679993,160.679993,837200,-,134.404200,145.006799,152.606998,156.540999,1153488.00
07/03/2014,163.020004,163.190002,160.800003,162.419998,162.419998,859300,-,134.262750,144.402999,152.016499,155.523999,1180312.00
07/02/2014,160.479996,162.600006,160.479996,162.000000,162.000000,1257900,-,134.101950,143.716599,151.276498,154.106999,1197852.00
07/01/2014,158.679993,161.410004,157.740005,160.399994,160.399994,1251000,-,133.937850,143.015799,150.550498,152.771999,1211928.00
06/30/2014,156.009995,159.240005,155.050003,158.380005,158.380005,1266900,-,133.779600,142.280000,149.891499,151.531999,1213058.00
06/27/2014,152.570007,155.789993,151.970001,154.839996,154.839996,1689600,-,133.629100,141.468999,149.329998,150.543999,1222252.00
06/26/2014,151.830002,152.330002,150.860001,152.000000,152.000000,544700,-,133.500450,140.734400,148.744998,149.881000,1213456.00
06/25/2014,151.009995,152.490005,150.479996,152.000000,152.000000,837700,-,133.377650,140.055800,148.280499,149.459999,1218816.00
06/24/2014,152.320007,153.279999,150.509995,151.059998,151.059998,939000,-,133.251150,139.404000,147.859998,149.179999,1222110.00
06/23/2014,151.750000,154.630005,151.000000,151.630005,151.630005,1145700,-,133.120950,138.752000,147.452499,148.962999,1227396.00
06/20/2014,149.080002,150.669998,148.179993,150.509995,150.509995,1035100,-,132.986100,138.159200,146.900498,148.672998,1221772.00
06/19/2014,149.029999,149.380005,148.020004,148.250000,148.250000,900300,-,132.856350,137.629800,146.283498,148.508998,1221040.00
06/18/2014,148.320007,149.169998,147.460007,148.649994,148.649994,1016300,-,132.730350,137.087800,145.798998,148.445998,1228970.00
06/17/2014,148.770004,149.080002,147.740005,148.000000,148.000000,516500,-,132.594200,136.493600,145.314499,148.328998,1241552.00
06/16/2014,148.350006,148.750000,147.179993,148.500000,148.500000,639200,-,132.458700,135.988000,144.848499,148.250998,1249126.00
06/13/2014,148.529999,148.529999,147.110001,148.210007,148.210007,747800,-,132.316200,135.516000,144.296499,148.115997,1255954.00
06/12/2014,149.110001,149.820007,147.449997,147.789993,147.789993,751200,-,132.180200,135.081800,143.731499,147.608997,1251982.00
06/11/2014,148.259995,149.199997,147.360001,149.199997,149.199997,762700,-,132.052100,134.638800,143.149499,147.100998,1254316.00
06/10/2014,148.250000,149.130005,147.610001,148.889999,148.889999,1161700,-,131.919600,134.118800,142.520499,146.539998,1255496.00
06/09/2014,148.500000,149.800003,148.199997,148.729996,148.729996,1007200,-,131.794900,133.589200,141.929499,145.941998,1258258.00
06/06/2014,148.960007,149.750000,146.490005,148.869995,148.869995,1016200,-,131.667400,133.039800,141.390499,145.127998,1269830.00
06/05/2014,147.399994,148.380005,145.940002,147.619995,147.619995,438600,-,131.547500,132.524600,140.817500,144.057999,1277294.00
06/04/2014,146.660004,147.789993,145.839996,147.479996,147.479996,477100,-,131.425650,132.054600,140.412500,143.151999,1282962.00
06/03/2014,146.759995,148.050003,146.610001,147.220001,147.220001,1093100,-,131.301250,131.620000,139.959500,142.300000,1296530.00
06/02/2014,142.889999,148.119995,142.850006,147.149994,147.149994,1639400,-,131.180750,131.220600,139.519000,141.445999,1304112.00
05/30/2014,144.490005,144.490005,141.500000,143.139999,143.139999,1462600,-,131.067300,130.811600,139.022001,140.477000,1292696.00
05/29/2014,143.750000,144.429993,142.000000,142.710007,142.710007,860900,-,130.982100,130.478201,138.699001,139.854001,1278406.00
05/28/2014,143.330002,144.589996,141.220001,143.589996,143.589996,852500,-,130.901350,130.143800,138.340000,139.198000,1277812.00
05/27/2014,140.649994,143.250000,140.419998,142.910004,142.910004,1132600,-,130.824750,129.801800,138.018000,138.500999,1275040.00
05/23/2014,138.759995,141.279999,138.389999,140.589996,140.589996,663400,-,130.750500,129.483600,137.875000,137.917000,1270772.00
05/22/2014,138.770004,139.539993,137.639999,138.169998,138.169998,754100,-,130.695700,129.186200,137.346000,137.653000,1271252.00
05/21/2014,139.149994,139.679993,138.070007,138.559998,138.559998,621200,-,130.640100,128.968200,136.962000,137.577000,1274410.00
05/20/2014,138.770004,140.179993,137.800003,138.960007,138.960007,759400,-,130.598050,128.751800,136.439001,137.673001,1285620.00
05/19/2014,136.160004,138.949997,136.160004,138.679993,138.679993,765900,-,130.573250,128.543400,135.839000,137.619000,1292450.00
05/16/2014,137.020004,138.050003,135.839996,137.460007,137.460007,508700,-,130.519650,128.309800,135.085501,137.592001,1313904.00
05/15/2014,135.800003,137.149994,134.139999,136.910004,136.910004,1005700,-,130.461050,128.093400,134.104000,137.567001,1335336.00
05/14/2014,136.270004,136.839996,135.110001,136.149994,136.149994,1461700,-,130.395400,127.903400,133.164000,137.544000,1352398.00
05/13/2014,137.399994,137.399994,135.130005,136.619995,136.619995,1853600,-,130.343100,127.744800,132.260001,137.482001,1361414.00
05/12/2014,138.869995,139.059998,136.199997,137.070007,137.070007,1147400,-,130.293050,127.526200,131.399501,137.535001,1355050.00
05/09/2014,137.410004,138.880005,136.410004,137.949997,137.949997,691400,-,130.246450,127.320200,130.469001,137.833000,1382760.00
05/08/2014,139.589996,139.789993,136.119995,137.410004,137.410004,1236000,-,130.197800,127.044000,129.671001,137.039000,1395644.00
05/07/2014,138.830002,139.789993,138.000000,139.520004,139.520004,1290700,-,130.149600,126.720800,129.002501,136.347000,1412738.00
05/06/2014,138.050003,139.520004,137.610001,138.419998,138.419998,966500,-,130.092950,126.357200,128.084000,135.205000,1445602.00
05/05/2014,136.770004,138.559998,136.360001,138.410004,138.410004,665600,-,130.042400,126.060400,127.110001,134.059000,1489036.00
05/02/2014,137.899994,138.279999,136.139999,137.210007,137.210007,711900,-,129.973200,125.793800,126.325500,132.579000,1584370.00
05/01/2014,135.360001,137.610001,134.309998,136.679993,136.679993,1386300,-,129.907900,125.686400,125.710000,130.641000,1601982.00
04/30/2014,135.199997,137.820007,134.809998,135.529999,135.529999,1843200,-,129.843600,125.561600,125.201001,128.784000,1629740.00
04/29/2014,139.350006,139.860001,135.289993,137.149994,137.149994,2275600,-,129.788850,125.481000,124.706501,127.038000,1625220.00
04/28/2014,132.339996,142.699997,132.339996,140.050003,140.050003,7014400,-,129.726450,125.325000,124.009001,125.264001,1638188.00
04/25/2014,129.929993,130.389999,128.259995,130.009995,130.009995,1911700,-,129.652200,125.102200,123.127001,123.105001,1696112.00
04/24/2014,128.970001,130.940002,127.839996,130.490005,130.490005,2178400,-,129.628900,125.253401,122.689501,122.303001,1691176.00
04/23/2014,128.009995,129.000000,126.889999,128.100006,128.100006,1736300,-,129.604800,125.401600,122.320501,121.658001,1683904.00
04/22/2014,123.739998,127.419998,123.430000,126.959999,126.959999,1961700,-,129.603500,125.592000,122.121501,120.963000,1683164.00
04/21/2014,120.610001,125.070000,120.410004,123.610001,123.610001,1307500,-,129.605600,125.802800,122.061001,120.161001,1696580.00
04/17/2014,117.099998,118.430000,116.900002,117.830002,117.830002,1726600,-,129.625750,126.060600,122.243001,120.072001,1699294.00
04/16/2014,118.860001,119.709999,117.489998,118.110001,118.110001,1249800,-,129.662300,126.451000,122.686501,120.779001,1680816.00
04/15/2014,119.650002,120.139999,116.779999,118.070000,118.070000,812700,-,129.682850,126.866000,123.104501,121.618001,1693022.00
04/14/2014,119.470001,120.779999,118.209999,119.410004,119.410004,1002400,-,129.711750,127.227000,123.500500,122.375001,1706312.00
04/11/2014,120.660004,121.870003,118.330002,118.459999,118.459999,1203300,-,129.733750,127.578800,123.854500,122.754000,1713364.00
04/10/2014,123.480003,125.000000,120.820000,121.989998,121.989998,864500,-,129.736450,127.985000,124.281500,123.149001,1715318.00
04/09/2014,121.949997,124.150002,121.360001,124.040001,124.040001,998500,-,129.715350,128.310000,124.468000,123.076001,1758432.00
04/08/2014,119.010002,121.529999,117.199997,121.150002,121.150002,1296800,-,129.687350,128.562200,124.629500,122.983001,1762540.00
04/07/2014,123.239998,123.910004,118.389999,118.940002,118.940002,1645400,-,129.680000,128.877600,124.959000,123.280001,1825000.00
04/04/2014,125.860001,125.860001,122.449997,122.720001,122.720001,895200,-,129.655550,129.127200,125.439000,123.961001,1818372.00
04/03/2014,126.400002,127.150002,124.230003,124.900002,124.900002,980600,-,129.630950,129.342000,125.652999,124.414001,1814912.00
04/02/2014,128.100006,128.100006,125.470001,126.500000,126.500000,549200,-,129.596200,129.544000,125.739999,124.594000,1807888.00
04/01/2014,123.709999,125.860001,123.389999,125.639999,125.639999,867900,-,129.552300,129.684000,125.785500,124.591000,1820132.00
03/31/2014,123.379997,125.080002,121.650002,123.199997,123.199997,821700,-,129.507150,129.857000,125.914500,124.626000,1822478.00
03/28/2014,123.209999,124.510002,122.269997,122.410004,122.410004,1299800,-,129.445600,130.092200,126.039000,124.955000,1824818.00
03/27/2014,122.669998,124.410004,120.750000,121.260002,121.260002,1585800,-,129.390500,130.364800,126.257000,125.414000,1826334.00
03/26/2014,124.550003,125.919998,122.980003,123.110001,123.110001,1389400,-,129.346500,130.686400,126.400999,125.860000,1829888.00
03/25/2014,126.169998,126.720001,123.790001,124.120003,124.120003,722000,-,129.293600,130.908600,126.307999,126.275999,1820394.00
03/24/2014,127.379997,127.529999,124.790001,125.750000,125.750000,1155500,-,129.242550,131.154600,126.168999,126.637999,1821686.00
03/21/2014,127.419998,127.970001,126.320000,127.250000,127.250000,1472200,-,129.176950,131.359800,126.060499,126.916998,1820480.00
03/20/2014,126.019997,127.330002,125.510002,126.699997,126.699997,1068600,-,129.110300,131.536600,125.951999,126.891998,1809874.00
03/19/2014,125.599998,126.570000,124.870003,126.470001,126.470001,748100,-,129.051550,131.764200,126.208999,126.885999,1809028.00
03/18/2014,126.660004,128.050003,125.800003,125.989998,125.989998,831200,-,128.977300,131.934800,126.407499,126.979999,1807276.00
03/17/2014,127.800003,128.259995,126.000000,126.489998,126.489998,713900,-,128.907350,132.082400,126.682999,127.202999,1804222.00
03/14/2014,126.500000,127.680000,125.970001,127.000000,127.000000,919200,-,128.833950,132.247800,126.826000,127.123000,1812342.00
03/13/2014,127.400002,127.400002,125.050003,125.720001,125.720001,687400,-,128.762200,132.442999,126.921500,127.099999,1803052.00
03/12/2014,127.220001,128.820007,126.000000,127.269997,127.269997,912000,-,128.704100,132.612199,127.514000,126.941999,1796656.00
03/11/2014,128.199997,129.149994,127.360001,127.739998,127.739998,1181700,-,128.632000,132.736799,128.045500,126.339999,1786978.00
03/10/2014,128.270004,129.750000,126.180000,128.539993,128.539993,1100900,-,128.561000,132.825199,128.539500,125.699999,1769182.00
03/07/2014,128.660004,128.990005,125.470001,127.000000,127.000000,1838600,-,128.483000,132.899800,128.987500,125.204000,1752200.00
03/06/2014,127.099998,128.080002,125.809998,126.639999,126.639999,1580300,-,128.418000,132.987800,129.462500,125.012000,1722020.00
03/05/2014,128.399994,129.610001,126.860001,127.410004,127.410004,1858800,-,128.341850,133.055400,129.998001,125.532000,1713218.00
03/04/2014,126.190002,128.330002,125.550003,128.220001,128.220001,1912500,-,128.265500,133.089599,130.570501,125.835000,1695768.00
03/03/2014,125.400002,125.690002,122.300003,125.690002,125.690002,1535400,-,128.192450,133.131999,130.965500,126.163000,1670382.00
02/28/2014,124.070000,127.089996,124.019997,126.769997,126.769997,2532900,-,128.136650,133.220399,131.531000,126.529000,1659690.00
02/27/2014,121.790001,124.440002,121.500000,124.139999,124.139999,1335600,-,128.071700,133.312199,132.131001,126.743001,1629502.00
02/26/2014,121.760002,122.370003,120.860001,121.250000,121.250000,2090700,-,128.009250,133.460199,132.836001,128.086002,1648892.00
02/25/2014,123.370003,123.959999,120.500000,121.339996,121.339996,2933900,-,127.953300,133.674999,133.606001,129.751001,1620382.00
02/24/2014,125.000000,127.059998,122.500000,123.580002,123.580002,3138200,-,127.897250,133.864600,134.385001,131.379001,1575434.00
02/21/2014,132.020004,132.020004,124.000000,125.080002,125.080002,5432300,-,127.829550,134.028000,134.777000,132.771001,1539740.00
02/20/2014,130.850006,133.179993,130.580002,131.839996,131.839996,1592500,-,127.752600,134.089600,135.196001,133.913000,1450376.00
02/19/2014,131.130005,131.990005,129.000000,130.440002,130.440002,2774200,-,127.618550,134.007800,135.354001,134.464001,1437288.00
02/18/2014,128.339996,133.009995,128.339996,131.500000,131.500000,1617200,-,127.489400,133.944400,135.507001,135.306001,1405480.00
02/14/2014,128.710007,129.410004,126.750000,129.350006,129.350006,2924000,-,127.347550,133.902999,135.646500,135.768001,1392936.00
02/13/2014,124.940002,130.000000,124.760002,128.910004,128.910004,9910600,-,127.206650,133.902199,135.927000,136.533000,1357338.00
02/12/2014,138.300003,139.130005,137.139999,137.570007,137.570007,1664900,-,127.065800,133.978399,136.283500,137.519000,1181660.00
02/11/2014,137.509995,139.449997,137.009995,137.899994,137.899994,1814800,-,126.886050,133.928999,136.271999,137.586000,1161572.00
02/10/2014,137.960007,138.229996,137.279999,137.619995,137.619995,1699300,-,126.704750,133.870599,136.088000,137.461000,1160594.00
02/07/2014,137.130005,138.550003,136.820007,137.500000,137.500000,2632500,-,126.522200,133.840599,136.028000,137.391000,1150208.00
02/06/2014,138.199997,138.690002,136.410004,136.500000,136.500000,1443200,-,126.349950,133.776399,135.953500,136.783000,1112592.00
02/05/2014,138.750000,138.800003,136.949997,137.350006,137.350006,802700,-,126.189500,133.739599,135.932999,136.479001,1156582.00
02/04/2014,136.850006,139.320007,136.149994,138.860001,138.860001,1860100,-,126.022000,133.531799,135.969499,136.244000,1153438.00
02/03/2014,137.729996,140.240005,135.020004,136.119995,136.119995,1477200,-,125.842900,133.293799,135.776499,135.708000,1130942.00
01/31/2014,137.100006,138.720001,136.839996,137.000000,137.000000,1355000,-,125.675950,133.152799,135.638999,135.525000,1117574.00
01/30/2014,138.460007,139.779999,137.429993,138.770004,138.770004,1301000,-,125.511100,133.003599,135.526999,135.321001,1109326.00
01/29/2014,135.869995,138.949997,135.270004,138.240005,138.240005,3020200,-,125.341800,132.801999,135.426498,135.048000,1098120.00
01/28/2014,137.850006,139.460007,136.339996,136.649994,136.649994,1203900,-,125.166000,132.598599,135.223498,134.957999,1047982.00
01/27/2014,131.309998,140.740005,131.309998,136.919998,136.919998,4419800,-,125.008050,132.440799,135.065998,134.714999,1033604.00
01/24/2014,132.410004,133.559998,130.580002,131.419998,131.419998,1314000,-,124.847650,132.271599,134.827998,134.664999,961168.00
01/23/2014,134.580002,134.729996,133.110001,133.460007,133.460007,722200,-,124.708900,132.183999,134.870499,135.123999,950334.00
01/22/2014,133.539993,135.149994,132.600006,135.000000,135.000000,629400,-,124.559500,132.075999,134.767498,135.386998,954562.00
01/21/2014,134.289993,135.190002,133.190002,133.500000,133.500000,1161400,-,124.408250,131.925399,134.518498,135.694998,968018.00
01/17/2014,134.559998,135.520004,134.000000,134.289993,134.289993,985200,-,124.268200,131.833799,134.299498,135.844998,975518.00
01/16/2014,136.259995,137.399994,132.440002,134.960007,134.960007,938700,-,124.119500,131.769199,134.101998,135.752998,987534.00
01/15/2014,137.500000,137.899994,134.949997,136.039993,136.039993,1375600,-,123.956100,131.785399,133.859498,135.732997,979494.00
01/14/2014,134.839996,137.630005,134.130005,137.339996,137.339996,1763500,-,123.794900,131.825999,133.625498,135.804997,974150.00
01/13/2014,135.929993,136.380005,133.479996,134.220001,134.220001,914700,-,123.627100,131.759999,133.335498,135.488997,958944.00
01/10/2014,136.339996,137.250000,135.000000,136.419998,136.419998,786600,-,123.476900,131.775999,133.223998,135.416997,946684.00
01/09/2014,136.330002,136.990005,135.149994,136.009995,136.009995,1095200,-,123.316250,131.792199,132.943999,134.990997,936264.00
01/08/2014,137.919998,138.279999,135.919998,136.089996,136.089996,941900,-,123.151150,131.802799,132.730999,134.616998,922992.00
01/07/2014,135.259995,138.250000,135.130005,138.080002,138.080002,1026300,-,122.982900,131.852599,132.334499,134.147998,911182.00
01/06/2014,133.990005,137.020004,133.750000,135.000000,135.000000,660500,-,122.808900,131.850399,131.817999,133.341998,897892.00
01/03/2014,134.860001,135.300003,133.020004,133.369995,133.369995,678500,-,122.645700,131.854799,131.431499,132.753998,891938.00
01/02/2014,137.149994,137.679993,134.479996,134.759995,134.759995,1119900,-,122.507700,131.921600,131.234499,132.450998,884022.00
12/31/2013,134.059998,136.759995,134.059998,136.759995,136.759995,454700,-,122.335800,131.968400,130.961999,131.985999,865868.00
12/30/2013,133.830002,135.100006,132.710007,134.179993,134.179993,367600,-,122.142200,131.979400,130.759999,131.445999,863588.00
12/27/2013,132.330002,134.190002,131.440002,133.500000,133.500000,428100,-,121.921750,132.050000,130.806000,131.181999,867586.00
12/26/2013,132.270004,132.619995,131.169998,132.160004,132.160004,291900,-,121.704800,132.160200,130.880000,131.031000,869338.00
12/24/2013,131.119995,132.889999,129.949997,132.270004,132.270004,251800,-,121.493400,132.265800,131.077999,130.897000,870456.00
12/23/2013,130.770004,131.440002,129.440002,131.399994,131.399994,329600,-,121.279550,132.364200,131.178999,130.845000,872226.00
12/20/2013,129.539993,131.009995,128.850006,130.020004,130.020004,1140200,-,121.067300,132.460800,131.341999,130.521001,872076.00
12/19/2013,129.740005,130.910004,128.229996,129.119995,129.119995,986300,-,120.862500,132.582200,131.188999,130.294000,861378.00
12/18/2013,130.509995,130.899994,128.649994,130.339996,130.339996,643200,-,120.665900,132.629800,131.080999,130.109000,858238.00
12/17/2013,131.880005,131.919998,129.970001,130.110001,130.110001,1000800,-,120.464100,132.655200,131.017500,130.018000,861776.00
12/16/2013,131.110001,132.330002,130.580002,131.360001,131.360001,1023500,-,120.251600,132.702800,130.989000,129.938000,853132.00
12/13/2013,132.750000,135.860001,130.990005,131.539993,131.539993,2305100,-,120.029750,132.728400,130.855500,130.074000,847640.00
12/12/2013,130.589996,132.639999,130.589996,131.990005,131.990005,665200,-,119.804500,132.728600,130.682000,130.430001,817746.00
12/11/2013,132.050003,132.770004,130.240005,130.820007,130.820007,686500,-,119.576500,132.764600,130.520500,130.729000,814562.00
12/10/2013,128.380005,132.960007,128.250000,131.750000,131.750000,1353500,-,119.358050,132.857600,130.402500,131.258999,812784.00
12/09/2013,127.800003,128.250000,126.309998,128.160004,128.160004,964100,-,119.133000,132.917800,130.167000,131.512998,799380.00
12/06/2013,129.449997,129.970001,126.959999,127.750000,127.750000,938100,-,118.908700,133.026000,130.162000,132.162998,791156.00
12/05/2013,129.100006,129.770004,126.480003,127.269997,127.269997,1183800,-,118.695050,133.190800,130.148000,132.083998,782386.00
12/04/2013,128.699997,130.380005,127.349998,129.429993,129.429993,990000,-,118.443850,133.325600,130.230500,132.052998,770930.00
12/03/2013,132.100006,132.710007,128.690002,129.309998,129.309998,1144100,-,118.186650,133.360000,130.312000,132.017000,767258.00
12/02/2013,134.839996,135.539993,132.460007,132.720001,132.720001,1126700,-,117.937050,133.442600,130.635000,132.039999,751378.00
11/29/2013,136.229996,136.229996,134.259995,135.100006,135.100006,660500,-,117.671150,133.465000,130.902501,131.637000,743240.00
11/27/2013,136.039993,136.589996,133.240005,134.979996,134.979996,1765900,-,117.393050,133.427600,130.849500,130.934000,745696.00
11/26/2013,134.089996,137.410004,133.119995,136.119995,136.119995,1180000,-,117.118300,133.375800,130.851500,130.312000,726736.00
11/25/2013,135.169998,136.389999,133.339996,134.289993,134.289993,751700,-,116.837700,133.258600,130.907000,129.546001,715640.00
11/22/2013,131.000000,134.979996,126.800003,134.660004,134.660004,3642700,-,116.562800,133.156400,131.019500,128.821001,709004.00
11/21/2013,127.010002,128.020004,126.300003,126.959999,126.959999,645500,-,116.293950,133.038200,131.215500,128.161001,639858.00
11/20/2013,129.000000,129.750000,126.750000,126.959999,126.959999,735300,-,116.062300,133.064600,131.766000,128.212001,632118.00
11/19/2013,129.610001,130.309998,128.860001,129.070007,129.070007,808800,-,115.832750,133.107600,132.179000,128.408001,626648.00
11/18/2013,129.330002,130.750000,128.699997,129.539993,129.539993,942600,-,115.595050,133.075000,132.561000,128.607000,618832.00
11/15/2013,128.429993,129.050003,127.900002,128.690002,128.690002,740700,-,115.330700,133.018200,132.939001,129.230001,610994.00
11/14/2013,129.000000,129.029999,127.760002,128.070007,128.070007,513300,-,115.077450,132.944800,133.370001,130.168002,605338.00
11/13/2013,127.330002,128.850006,126.510002,128.759995,128.759995,485000,-,114.826950,132.876600,133.852001,130.765000,603622.00
11/12/2013,127.000000,128.649994,126.059998,128.460007,128.460007,798000,-,114.591300,132.792600,134.364501,131.391001,604620.00
11/11/2013,127.930000,128.199997,125.680000,127.040001,127.040001,772300,-,114.356500,132.684400,134.813501,132.268000,603728.00
11/08/2013,127.599998,128.910004,126.930000,128.059998,128.059998,933600,-,114.132500,132.572000,135.321001,133.217999,599060.00
11/07/2013,129.059998,129.649994,126.250000,127.470001,127.470001,1302200,-,113.895600,132.428800,135.729501,134.270000,597508.00
11/06/2013,130.940002,131.330002,128.199997,128.919998,128.919998,1536400,-,113.654350,132.279400,136.160500,135.320000,587230.00
11/05/2013,135.979996,135.979996,129.559998,131.059998,131.059998,1586000,-,113.404500,132.121200,136.289500,135.950000,578084.00
11/04/2013,139.139999,139.139999,134.580002,135.770004,135.770004,536700,-,113.143300,131.943400,136.317001,136.515001,554484.00
11/01/2013,134.699997,138.199997,134.089996,138.070007,138.070007,1108400,-,112.858600,131.682000,136.153001,136.648001,557378.00
10/31/2013,135.059998,137.919998,133.559998,134.039993,134.039993,1003200,-,112.563000,131.399599,135.881500,136.572000,541056.00
10/30/2013,144.020004,144.020004,134.300003,135.020004,135.020004,301700,-,112.284500,131.183400,135.757001,136.939001,529370.00
10/29/2013,136.570007,137.240005,135.899994,137.229996,137.229996,265600,-,112.001000,130.980800,135.695500,137.338000,535594.00
10/28/2013,138.809998,139.220001,135.880005,136.539993,136.539993,431600,-,111.705750,130.701200,135.607500,137.359001,549928.00
10/25/2013,138.100006,139.399994,137.000000,138.580002,138.580002,351400,-,111.415000,130.422400,135.518501,137.424002,551596.00
10/24/2013,135.740005,138.339996,134.750000,137.970001,137.970001,361800,-,111.117100,130.113200,135.268001,137.189001,555670.00
10/23/2013,136.539993,137.130005,134.800003,135.220001,135.220001,362800,-,110.820250,129.843000,135.169001,137.001001,569430.00
10/22/2013,137.289993,139.000000,135.919998,136.710007,136.710007,282700,-,110.530150,129.660600,135.108501,136.629001,572732.00
10/21/2013,137.649994,138.270004,135.899994,137.100006,137.100006,212200,-,110.233600,129.457599,134.830500,136.119000,591248.00
10/18/2013,137.639999,138.919998,136.839996,137.309998,137.309998,340700,-,109.936100,129.280999,134.647500,135.658000,597134.00
10/17/2013,138.699997,139.240005,137.009995,137.710007,137.710007,567500,-,109.639450,129.095999,134.474000,135.191000,601650.00
10/16/2013,138.550003,139.270004,136.550003,139.009995,139.009995,515700,-,109.341400,128.934399,134.249999,134.575000,613168.00
10/15/2013,136.970001,138.250000,135.600006,137.440002,137.440002,347800,-,109.027550,128.695200,133.918999,134.053000,627338.00
10/14/2013,135.490005,137.639999,135.490005,137.190002,137.190002,340300,-,108.708250,128.549399,133.559999,133.856000,660682.00
10/11/2013,135.610001,137.029999,134.639999,136.229996,136.229996,322100,-,108.390650,128.485599,133.159499,133.612999,705284.00
10/10/2013,133.630005,137.300003,133.539993,136.089996,136.089996,605300,-,108.075700,128.320199,132.785499,133.347000,716448.00
10/09/2013,132.139999,133.619995,130.059998,131.500000,131.500000,829300,-,107.762400,128.113199,132.394999,133.337001,720198.00
10/08/2013,133.259995,134.270004,131.300003,131.610001,131.610001,820100,-,107.472050,127.958799,132.275499,133.588000,718350.00
10/07/2013,131.639999,133.000000,131.000000,132.490005,132.490005,568600,-,107.180050,127.840399,132.066999,133.542000,715490.00
10/04/2013,132.039993,133.309998,131.350006,132.639999,132.639999,748900,-,106.887850,127.722799,131.777499,133.637000,715014.00
10/03/2013,133.410004,133.809998,130.830002,131.550003,131.550003,810400,-,106.595350,127.624999,131.396498,133.756999,716538.00
10/02/2013,134.190002,135.250000,133.309998,133.789993,133.789993,506000,-,106.291500,127.558399,131.051999,133.924998,794954.00
10/01/2013,134.800003,136.250000,134.460007,135.470001,135.470001,597600,-,105.965950,127.437999,130.590499,133.784999,811780.00
09/30/2013,132.970001,135.160004,132.690002,134.759995,134.759995,683300,-,105.634000,127.292399,129.969499,133.263998,818496.00
09/27/2013,135.529999,135.779999,133.100006,133.570007,133.570007,552900,-,105.308250,127.163400,129.302499,132.705998,845072.00
09/26/2013,134.669998,136.320007,134.000000,135.990005,135.990005,499600,-,104.988350,126.983399,128.668999,132.223997,846300.00
09/25/2013,131.500000,134.580002,131.020004,134.009995,134.009995,611000,-,104.657200,126.746599,127.869498,131.452997,859426.00
09/24/2013,133.070007,134.500000,130.970001,131.149994,131.149994,806400,-,104.339300,126.542799,127.219499,130.962997,872670.00
09/23/2013,133.339996,134.509995,131.789993,133.440002,133.440002,350100,-,104.031550,126.411400,126.770499,130.591998,872052.00
09/20/2013,133.589996,134.850006,133.289993,133.839996,133.839996,719800,-,103.713050,126.235999,126.233499,129.917998,882042.00
09/19/2013,132.460007,134.639999,132.460007,133.229996,133.229996,783300,-,103.396100,126.063199,125.738999,129.035998,892572.00
09/18/2013,130.110001,133.509995,130.110001,132.389999,132.389999,817900,-,103.082200,125.905600,125.238999,128.178999,899228.00
09/17/2013,129.429993,131.000000,128.860001,130.259995,130.259995,625200,-,102.774500,125.771199,124.863999,127.395998,901554.00
09/16/2013,130.210007,130.369995,127.669998,129.179993,129.179993,419900,-,102.479750,125.722800,124.513499,126.674999,909258.00
09/13/2013,128.929993,129.110001,127.559998,128.750000,128.750000,185400,-,102.185300,125.686800,124.184500,125.899000,913986.00
09/12/2013,128.800003,129.279999,127.589996,128.279999,128.279999,258500,-,101.893000,125.664600,123.903000,125.114000,924896.00
09/11/2013,127.339996,129.289993,125.940002,129.110001,129.110001,461800,-,101.603000,125.601800,123.712000,124.286000,947398.00
09/10/2013,126.949997,128.380005,126.699997,127.440002,127.440002,418000,-,101.307450,125.464000,123.561500,123.476000,980602.00
09/09/2013,125.010002,127.110001,125.010002,126.699997,126.699997,550700,-,101.019600,125.392200,123.517500,122.949000,1020122.00
09/06/2013,125.480003,126.209999,123.599998,125.019997,125.019997,457900,-,100.737650,125.334400,123.596000,122.549000,1041518.00
09/05/2013,124.440002,125.180000,123.489998,124.660004,124.660004,427500,-,100.455750,125.214000,123.748000,122.442000,1051334.00
09/04/2013,123.309998,124.980003,123.309998,124.559998,124.559998,534900,-,100.178800,125.076199,123.996500,122.299000,1069388.00
09/03/2013,122.660004,124.250000,122.050003,123.050003,123.050003,753400,-,99.898700,124.953800,124.121000,122.332000,1081202.00
08/30/2013,121.260002,121.949997,120.349998,121.419998,121.419998,538900,-,99.620950,124.886400,124.476000,122.352000,1115508.00
08/29/2013,119.279999,121.930000,119.059998,120.900002,120.900002,856000,-,99.358550,124.739000,125.105000,122.470000,1122042.00
08/28/2013,120.870003,121.589996,119.430000,120.000000,120.000000,788300,-,99.099050,124.677000,125.458000,122.692000,1119150.00
08/27/2013,121.940002,122.459999,120.830002,121.010002,121.010002,1079100,-,98.842650,124.636000,125.745000,123.138000,1118422.00
08/26/2013,122.620003,124.379997,121.959999,122.169998,122.169998,406000,-,98.578900,124.570200,125.883500,123.646999,1118586.00
08/23/2013,124.730003,125.800003,122.459999,122.699997,122.699997,681400,-,98.315400,124.459000,126.059500,124.085999,1142400.00
08/22/2013,122.870003,125.120003,122.870003,123.949997,123.949997,292300,-,98.060000,124.222800,126.255000,124.643000,1151242.00
08/21/2013,124.230003,124.660004,122.790001,123.230003,123.230003,418900,-,97.804950,123.971600,126.445000,125.054000,1161646.00
08/20/2013,123.309998,125.199997,123.050003,124.889999,124.889999,612900,-,97.564300,123.756200,126.694500,125.694000,1175124.00
08/19/2013,123.120003,123.989998,122.639999,123.250000,123.250000,982300,-,97.328600,123.509000,126.838500,125.910001,1184414.00
08/16/2013,122.779999,123.059998,121.019997,122.599998,122.599998,515000,-,97.099400,123.322200,127.085500,126.600000,1175290.00
08/15/2013,123.570000,123.870003,122.320000,123.120003,123.120003,555100,-,96.869250,123.122800,127.371000,127.740000,1180098.00
08/14/2013,126.000000,126.580002,123.970001,124.459999,124.459999,1049800,-,96.634600,122.938800,127.443500,128.224000,1193194.00
08/13/2013,127.180000,128.500000,125.820000,126.099998,126.099998,527900,-,96.392750,122.748600,127.428000,128.352000,1193806.00
08/12/2013,127.480003,127.739998,119.410004,126.559998,126.559998,1208500,-,96.143200,122.459000,127.314000,128.120000,1198302.00
08/09/2013,127.650002,128.580002,126.519997,128.270004,128.270004,506500,-,95.901250,122.167800,127.215000,128.033000,1191162.00
08/08/2013,129.850006,131.000000,127.220001,128.059998,128.059998,566500,-,95.652600,121.838600,127.035000,127.867000,1192702.00
08/07/2013,126.269997,129.949997,124.660004,129.630005,129.630005,1143400,-,95.404850,121.530400,126.892000,127.836000,1195250.00
08/06/2013,131.000000,133.740005,125.389999,127.050003,127.050003,1224200,-,95.145150,121.219799,126.677999,127.695000,1184806.00
08/05/2013,132.479996,134.440002,128.660004,130.149994,130.149994,2015000,-,94.893150,120.935799,126.608999,127.766999,1172826.00
08/02/2013,128.000000,137.289993,127.190002,134.000000,134.000000,2570400,-,94.626050,120.603600,126.493499,127.571000,1140776.00
08/01/2013,125.750000,129.500000,125.750000,127.959999,127.959999,880300,-,94.336700,120.182400,126.162499,127.002000,1107514.00
07/31/2013,124.580002,126.650002,123.870003,125.739998,125.739998,792800,-,94.077500,119.903200,126.146499,126.663000,1103896.00
07/30/2013,126.080002,126.349998,123.489998,123.779999,123.779999,736900,-,93.828700,119.616600,126.116499,126.504000,1102092.00
07/29/2013,126.699997,127.029999,125.150002,125.690002,125.690002,677100,-,93.590200,119.383800,126.038499,126.508000,1105612.00
07/26/2013,126.820000,127.360001,125.730003,126.610001,126.610001,544800,-,93.341900,119.142200,125.946499,126.397000,1116012.00
07/25/2013,128.020004,128.990005,126.860001,127.750000,127.750000,825100,-,93.091500,118.900600,125.806499,126.203000,1126934.00
07/24/2013,127.769997,129.100006,126.940002,128.220001,128.220001,4731200,-,92.839650,118.621200,125.368999,125.948000,1131472.00
07/23/2013,129.339996,129.960007,126.309998,127.769997,127.769997,1347300,-,92.582350,118.289800,124.846499,125.660999,1051998.00
07/22/2013,127.879997,128.619995,127.040001,128.190002,128.190002,933400,-,92.321000,117.935600,124.379999,125.450999,1050950.00
07/19/2013,126.059998,129.509995,126.059998,128.309998,128.309998,2012100,-,92.055100,117.574400,123.954499,125.415999,1048334.00
07/18/2013,124.660004,125.650002,123.309998,124.570000,124.570000,614300,-,91.788850,117.209000,123.241499,125.322999,1040654.00
07/17/2013,124.250000,125.529999,123.190002,124.150002,124.150002,1155900,-,91.542050,116.911400,122.902999,125.629999,1061084.00
07/16/2013,124.400002,125.540001,123.379997,123.820000,123.820000,1273200,-,91.295750,116.529000,122.592999,125.728999,1055474.00
07/15/2013,124.910004,125.980003,124.580002,124.580002,124.580002,775500,-,91.053850,116.144800,122.287999,125.568999,1044276.00
07/12/2013,125.000000,125.989998,124.370003,124.669998,124.669998,849600,-,90.812800,115.715800,121.889499,125.495998,1042488.00
07/11/2013,125.500000,126.570000,124.669998,125.199997,125.199997,1246300,-,90.586600,115.245800,121.200499,125.409998,1037784.00
07/10/2013,125.360001,126.690002,123.669998,125.349998,125.349998,1116100,-,90.362000,114.756600,120.509999,124.789999,1028950.00
07/09/2013,128.610001,128.880005,125.480003,125.669998,125.669998,934200,-,90.137150,114.282000,119.865499,124.031998,1012520.00
07/08/2013,127.900002,130.589996,126.470001,127.839996,127.839996,1010400,-,89.908250,113.801400,119.208500,123.308999,1002744.00
07/05/2013,128.589996,128.589996,125.500000,127.379997,127.379997,656300,-,89.672750,113.266800,118.512000,122.492999,996472.00
07/03/2013,124.489998,128.100006,124.099998,127.639999,127.639999,730900,-,89.448550,112.780200,117.774500,121.160000,998480.00
07/02/2013,123.309998,125.800003,122.559998,125.139999,125.139999,1383600,-,89.218500,112.315600,117.088500,120.176000,996250.00
07/01/2013,124.199997,125.080002,121.400002,122.220001,122.220001,2122000,-,88.993800,111.889800,116.579000,119.457000,982208.00
06/28/2013,124.459999,127.029999,123.709999,123.849998,123.849998,2394000,-,88.777200,111.506200,116.049000,119.007000,953046.00
06/27/2013,119.750000,128.570007,118.930000,123.809998,123.809998,1620500,-,88.546950,111.083800,115.456500,118.283000,924410.00
06/26/2013,118.309998,120.660004,118.000000,119.000000,119.000000,948700,-,88.318650,110.688200,114.856500,116.991000,901822.00
06/25/2013,118.949997,119.930000,117.660004,117.769997,117.769997,1330200,-,88.120050,110.406400,114.539000,116.230000,892694.00
06/24/2013,118.949997,120.769997,116.449997,118.440002,118.440002,1125600,-,87.922000,110.112600,114.355500,115.699001,874592.00
06/21/2013,114.349998,120.599998,114.349998,119.680000,119.680000,2468700,-,87.715200,109.845000,114.076000,115.108000,862606.00
06/20/2013,117.540001,117.639999,113.790001,114.050003,114.050003,865600,-,87.505800,109.548200,113.769000,114.531001,823024.00
06/19/2013,118.120003,119.000000,117.260002,117.800003,117.800003,711400,-,87.320550,109.340600,113.713500,114.389000,821056.00
06/18/2013,117.279999,119.849998,116.750000,117.949997,117.949997,751900,-,87.113850,109.056200,113.523500,114.000999,818308.00
06/17/2013,117.510002,119.239998,116.610001,117.720001,117.720001,1087300,-,86.907900,108.792200,113.196500,113.700999,817820.00
06/14/2013,110.669998,117.089996,110.220001,116.610001,116.610001,1596700,-,86.705500,108.547600,112.917500,113.091000,817336.00
06/13/2013,111.620003,111.940002,110.860001,110.889999,110.889999,1123500,-,86.511100,108.306400,112.767500,112.630000,803256.00
06/12/2013,112.910004,113.800003,111.250000,111.389999,111.389999,812500,-,86.338550,108.134200,112.949500,112.721999,802762.00
06/11/2013,111.989998,113.699997,111.169998,112.459999,112.459999,1092800,-,86.167150,107.982400,113.069000,112.848000,797070.00
06/10/2013,114.870003,115.150002,112.250000,112.529999,112.529999,1077400,-,85.991250,107.808800,113.028500,113.012000,783038.00
06/07/2013,113.360001,114.599998,112.389999,113.910004,113.910004,526100,-,85.818000,107.641800,112.905000,113.043999,773210.00
06/06/2013,113.919998,114.470001,111.470001,112.629997,112.629997,755400,-,85.637450,107.449400,112.716000,113.006999,778834.00
06/05/2013,114.620003,116.099998,113.919998,113.919998,113.919998,1209900,-,85.466800,107.256600,112.586500,113.038000,781796.00
06/04/2013,111.430000,115.410004,111.430000,114.949997,114.949997,1080400,-,85.296200,107.027000,112.375000,113.046000,785124.00
06/03/2013,112.739998,112.739998,109.629997,111.620003,111.620003,752700,-,85.113950,106.793600,111.879000,112.692001,823094.00
05/31/2013,111.209999,113.389999,111.209999,112.000000,112.000000,851500,-,84.950400,106.608400,111.528500,112.744000,849586.00
05/30/2013,112.959999,113.139999,111.330002,111.809998,111.809998,583500,-,84.780050,106.483800,111.085000,112.905000,883470.00
05/29/2013,113.360001,114.430000,112.599998,112.650002,112.650002,693900,-,84.598550,106.255200,110.553000,113.177000,956268.00
05/28/2013,114.529999,115.449997,113.599998,114.099998,114.099998,621200,-,84.415350,105.963000,109.957500,113.290000,1049066.00
05/24/2013,113.040001,113.040001,111.739998,112.849998,112.849998,625200,-,84.228250,105.482800,109.333500,113.045000,1063496.00
05/23/2013,111.470001,113.639999,111.470001,113.540001,113.540001,412500,-,84.051950,105.028000,108.773000,112.766000,1063768.00
05/22/2013,113.519997,115.129997,112.389999,112.940002,112.940002,907300,-,83.883900,104.554800,108.151500,112.425000,1079654.00
05/21/2013,111.779999,114.820000,111.370003,114.000000,114.000000,699400,-,83.710700,104.086000,107.657000,112.135000,1091690.00
05/20/2013,112.540001,113.309998,111.220001,111.410004,111.410004,702600,-,83.532400,103.585000,107.177500,111.704000,1092348.00
05/17/2013,114.639999,114.720001,112.040001,112.139999,112.139999,912900,-,83.359950,103.138000,106.799500,111.066000,1136894.00
05/16/2013,114.730003,116.419998,113.250000,113.610001,113.610001,1197100,-,83.186550,102.691200,106.344500,110.313000,1134472.00
05/15/2013,113.820000,114.669998,113.540001,114.529999,114.529999,1090900,-,83.000250,102.218600,105.800500,109.264999,1151922.00
05/14/2013,111.419998,114.029999,111.089996,113.779999,113.779999,1052000,-,82.806600,101.680200,105.275500,107.928999,1147298.00
05/13/2013,109.919998,112.089996,109.860001,111.650002,111.650002,757500,-,82.608700,101.144400,104.832000,106.624999,1135390.00
05/10/2013,110.330002,112.099998,110.059998,110.059998,110.059998,1294900,-,82.415050,100.641200,104.403500,105.621999,1140696.00
05/09/2013,109.160004,110.550003,109.160004,110.129997,110.129997,802600,-,82.232350,100.167800,104.153500,104.780000,1147182.00
05/08/2013,108.760002,110.489998,107.660004,110.040001,110.040001,1628100,-,82.053550,99.707800,103.889000,103.878000,1157990.00
05/07/2013,104.930000,111.440002,104.930000,109.690002,109.690002,1635800,-,81.877400,99.241800,103.570500,103.179000,1165604.00
05/06/2013,104.639999,105.769997,104.150002,105.029999,105.029999,875400,-,81.693700,98.714000,103.265000,102.651000,1164942.00
05/03/2013,103.889999,105.290001,103.709999,104.610001,104.610001,713300,-,81.533900,98.313800,103.251000,102.533000,1230656.00
05/02/2013,101.830002,103.209999,101.279999,103.129997,103.129997,686100,-,81.373500,97.762200,103.295000,102.376000,1238898.00
05/01/2013,100.480003,101.720001,100.480003,101.169998,101.169998,614400,-,81.222200,97.259400,103.366000,102.336001,1236526.00
04/30/2013,101.379997,101.379997,99.410004,100.739998,100.739998,804600,-,81.080250,96.823800,103.421500,102.622001,1232466.00
04/29/2013,102.169998,102.169998,100.709999,101.620003,101.620003,294600,-,80.934500,96.399800,103.574501,103.039001,1229984.00
04/26/2013,100.989998,102.639999,100.029999,101.639999,101.639999,445400,-,80.786900,95.957000,103.682500,103.185001,1232876.00
04/25/2013,102.790001,103.300003,100.919998,101.110001,101.110001,696800,-,80.638800,95.524800,103.809501,103.527001,1239360.00
04/24/2013,104.849998,105.150002,101.019997,103.050003,103.050003,756700,-,80.493650,95.102600,103.968501,103.900001,1234310.00
04/23/2013,104.300003,105.570000,103.379997,104.410004,104.410004,619400,-,80.339600,94.627800,103.965500,103.962000,1226480.00
04/22/2013,104.099998,104.550003,102.489998,103.849998,103.849998,681500,-,80.178600,94.157400,103.867000,103.879000,1222310.00
04/19/2013,103.220001,103.430000,102.440002,103.040001,103.040001,663900,-,80.019600,93.693000,103.838500,103.969000,1232356.00
04/18/2013,104.430000,104.430000,101.489998,102.730003,102.730003,962200,-,79.858750,93.253200,103.804500,104.214000,1238480.00
04/17/2013,104.639999,105.389999,103.220001,104.029999,104.029999,491100,-,79.695100,92.829200,103.956500,104.396000,1265346.00
04/16/2013,104.239998,105.199997,102.949997,104.910004,104.910004,492300,-,79.523200,92.282000,103.774000,104.221000,1268062.00
04/15/2013,104.260002,104.260002,102.889999,103.080002,103.080002,425100,-,79.337150,91.744599,103.430500,104.110000,1296372.00
04/12/2013,104.190002,105.470001,104.190002,105.059998,105.059998,526300,-,79.154800,91.242399,102.780999,104.180000,1341694.00
04/11/2013,103.769997,104.839996,103.290001,104.839996,104.839996,489600,-,78.969050,90.773799,102.033500,104.092000,1342914.00
04/10/2013,104.459999,104.839996,102.970001,103.669998,103.669998,767200,-,78.782050,90.307000,101.285500,104.037000,1344350.00
04/09/2013,104.830002,105.089996,103.110001,103.580002,103.580002,574000,-,78.610700,89.878400,100.577000,103.969000,1349768.00
04/08/2013,105.449997,106.980003,103.650002,104.750000,104.750000,727500,-,78.437700,89.420399,99.845499,103.855000,1356858.00
04/05/2013,102.660004,105.500000,101.599998,105.489998,105.489998,1063100,-,78.252100,88.909799,99.060999,103.708000,1357372.00
04/04/2013,102.500000,104.599998,101.790001,104.550003,104.550003,892700,-,78.059100,88.378999,98.276500,103.395000,1344676.00
04/03/2013,103.910004,104.139999,101.070000,102.279999,102.279999,1098800,-,77.865800,87.864399,97.548000,103.517000,1334740.00
04/02/2013,104.470001,105.529999,103.779999,103.800003,103.800003,527900,-,77.679050,87.395399,96.814500,103.327000,1324088.00
04/01/2013,104.650002,105.290001,102.959999,103.779999,103.779999,391200,-,77.483700,86.898399,95.973999,102.750999,1331682.00
03/28/2013,104.430000,105.070000,103.839996,104.180000,104.180000,586000,-,77.281750,86.389599,95.109499,101.381999,1328814.00
03/27/2013,102.620003,105.550003,102.620003,104.290001,104.290001,807300,-,77.081450,85.872399,94.219999,99.974999,1322746.00
03/26/2013,102.900002,103.199997,102.320000,102.989998,102.989998,903500,-,76.879050,85.350199,93.361999,98.533999,1315078.00
03/25/2013,103.500000,103.900002,102.059998,102.440002,102.440002,1376300,-,76.682850,84.858199,92.549499,97.184999,1308450.00
03/22/2013,102.599998,103.290001,102.000000,103.279999,103.279999,2978900,-,76.488200,84.389399,91.592499,95.835999,1299992.00
03/21/2013,104.279999,104.900002,101.480003,102.360001,102.360001,2077300,-,76.278200,83.895799,90.679499,94.413998,1257856.00
03/20/2013,101.000000,106.290001,100.750000,105.769997,105.769997,2545700,-,76.072950,83.392599,89.412999,93.157999,1225956.00
03/19/2013,99.650002,100.650002,97.879997,100.379997,100.379997,4223400,-,75.857600,82.825199,88.023999,91.578999,1186286.00
03/18/2013,88.930000,99.930000,88.699997,98.040001,98.040001,5333800,-,75.671650,82.369599,86.974499,90.302000,1115874.00
03/15/2013,90.320000,90.730003,89.120003,90.089996,90.089996,1342700,-,75.504600,81.968399,86.049499,89.196999,1020368.00
03/14/2013,89.879997,90.190002,87.930000,90.110001,90.110001,638800,-,75.375500,81.728599,85.518999,88.837000,1010966.00
03/13/2013,90.830002,90.949997,89.410004,89.879997,89.879997,1206800,-,75.246000,81.451199,85.014999,88.464999,1013356.00
03/12/2013,89.440002,89.639999,88.900002,89.500000,89.500000,1509100,-,75.119650,81.125199,84.521000,88.189999,998088.00
03/11/2013,89.139999,89.489998,88.690002,88.949997,88.949997,732300,-,74.995400,80.808599,84.011499,87.913999,977214.00
03/08/2013,90.000000,90.339996,86.760002,89.059998,89.059998,2929900,-,74.868800,80.494399,83.608500,87.349000,970878.00
03/07/2013,90.599998,90.599998,89.489998,89.800003,89.800003,791800,-,74.731900,80.181799,83.187000,86.945000,916158.00
03/06/2013,88.139999,90.900002,88.010002,89.980003,89.980003,2069600,-,74.599600,79.854399,82.749500,85.667999,916784.00
03/05/2013,86.959999,87.669998,86.669998,87.610001,87.610001,859700,-,74.476200,79.518999,82.326999,84.468999,899852.00
03/04/2013,85.910004,87.010002,85.739998,86.989998,86.989998,456600,-,74.365600,79.247799,81.779999,83.646999,907354.00
03/01/2013,85.769997,86.919998,85.769997,86.489998,86.489998,1022800,-,74.261800,78.990799,81.332499,82.901999,929584.00
02/28/2013,86.940002,87.250000,84.209999,86.389999,86.389999,1619200,-,74.166800,78.676599,80.906499,82.200999,930892.00
02/27/2013,87.400002,89.139999,85.849998,87.129997,87.129997,1343000,-,74.073350,78.322399,80.668499,81.564999,905120.00
02/26/2013,83.989998,86.980003,83.330002,86.739998,86.739998,2008800,-,73.973400,77.961400,80.387000,80.852000,887860.00
02/25/2013,83.889999,85.559998,82.919998,83.300003,83.300003,1602700,-,73.864550,77.618800,80.162000,80.109000,861082.00
02/22/2013,79.309998,86.320000,76.250000,85.019997,85.019997,4161100,-,73.757150,77.344599,80.030999,79.867999,845234.00
02/21/2013,78.000000,78.050003,76.190002,77.029999,77.029999,1125400,-,73.639900,77.039400,79.741000,79.428999,772800.00
02/20/2013,79.489998,79.739998,77.930000,77.989998,77.989998,567500,-,73.566500,76.907400,79.837000,79.831000,768752.00
02/19/2013,79.820000,79.980003,79.070000,79.389999,79.389999,411400,-,73.487750,76.739600,79.878500,80.185000,771420.00
02/15/2013,79.470001,79.669998,79.220001,79.540001,79.540001,680500,-,73.395900,76.546600,79.850500,79.913000,781678.00
02/14/2013,79.949997,80.129997,79.120003,79.480003,79.480003,439200,-,73.300550,76.364799,79.821000,79.763000,796980.00
02/13/2013,80.870003,80.910004,79.680000,80.029999,80.029999,769600,-,73.205250,76.184199,79.763999,79.612000,800688.00
02/12/2013,79.550003,80.010002,79.239998,80.000000,80.000000,444300,-,73.109850,76.000599,79.678499,79.771999,821846.00
02/11/2013,80.559998,80.559998,79.180000,79.309998,79.309998,365200,-,73.013000,75.826799,79.587499,79.921999,846314.00
02/08/2013,80.500000,81.669998,80.019997,80.889999,80.889999,410900,-,72.917300,75.646399,79.541499,80.214999,850364.00
02/07/2013,80.709999,82.610001,78.790001,80.629997,80.629997,1183800,-,72.813850,75.434399,79.446999,80.193999,855406.00
02/06/2013,78.070000,82.150002,78.070000,81.050003,81.050003,970100,-,72.720500,75.227399,79.345499,80.053000,845234.00
02/05/2013,77.260002,83.550003,77.260002,81.529999,81.529999,2305500,-,72.622500,75.006399,79.152999,79.842999,829770.00
02/04/2013,77.580002,78.389999,76.589996,76.669998,76.669998,626900,-,72.520650,74.773199,78.946499,79.571999,817824.00
02/01/2013,78.059998,78.779999,76.779999,78.040001,78.040001,1907800,-,72.443850,74.645999,78.992999,79.788000,817100.00
01/31/2013,81.440002,81.940002,77.970001,77.970001,77.970001,2691200,-,72.355350,74.457999,78.989999,79.878999,786714.00
01/30/2013,81.459999,82.199997,81.050003,81.629997,81.629997,587300,-,72.270350,74.283999,78.996499,79.915999,743380.00
01/29/2013,82.070000,82.239998,81.089996,81.500000,81.500000,561400,-,72.167500,74.022199,78.726999,79.584999,747214.00
01/28/2013,80.660004,82.820000,80.480003,82.239998,82.239998,1038100,-,72.062800,73.742199,78.330999,79.252999,749332.00
01/25/2013,79.610001,80.750000,79.150002,80.680000,80.680000,928500,-,71.948650,73.476199,77.902499,78.867999,742072.00
01/24/2013,79.099998,79.779999,78.839996,79.220001,79.220001,753200,-,71.853550,73.242599,77.530499,78.699999,732842.00
01/23/2013,78.419998,79.139999,78.419998,78.949997,78.949997,428300,-,71.771250,73.032599,77.240999,78.637999,728026.00
01/22/2013,79.150002,79.150002,78.489998,78.820000,78.820000,395900,-,71.685400,72.818800,76.964999,78.462999,733548.00
01/18/2013,78.889999,79.050003,78.459999,78.830002,78.830002,566200,-,71.606350,72.631800,76.684499,78.320999,764606.00
01/17/2013,78.559998,79.099998,78.489998,78.949997,78.949997,907600,-,71.534050,72.487600,76.445499,78.197999,804612.00
01/16/2013,78.279999,78.480003,77.940002,78.339996,78.339996,247800,-,71.456550,72.367400,76.205000,78.100999,823696.00
01/15/2013,77.730003,78.709999,77.680000,78.320000,78.320000,282600,-,71.380400,72.302600,75.827000,78.077000,833280.00
01/14/2013,78.279999,78.800003,77.739998,78.180000,78.180000,423900,-,71.305050,72.291200,75.345000,77.868999,839614.00
01/11/2013,79.000000,79.019997,78.089996,78.389999,78.389999,572100,-,71.234050,72.275800,74.890000,77.409000,841810.00
01/10/2013,79.029999,79.199997,78.449997,79.000000,79.000000,953400,-,71.163950,72.239400,74.451000,76.937000,839008.00
01/09/2013,77.500000,78.750000,77.330002,78.599998,78.599998,872100,-,71.093500,72.183200,73.980500,76.360999,825936.00
01/08/2013,77.540001,77.570000,76.279999,77.199997,77.199997,482300,-,71.023650,72.133000,73.538500,75.843999,823654.00
01/07/2013,77.180000,77.669998,76.730003,77.400002,77.400002,562200,-,70.957700,72.112800,73.200000,75.467000,837604.00
01/04/2013,78.309998,78.309998,77.360001,77.599998,77.599998,702800,-,70.886850,72.128200,72.810000,75.048000,839368.00
01/03/2013,78.000000,78.959999,77.370003,77.980003,77.980003,558500,-,70.818700,72.147000,72.417000,74.693000,842392.00
01/02/2013,77.500000,78.669998,77.029999,78.099998,78.099998,872600,-,70.748750,72.157600,72.040499,74.309000,837568.00
12/31/2012,73.919998,76.690002,73.180000,76.239998,76.239998,758300,-,70.675700,72.149400,71.657999,73.577000,828220.00
12/28/2012,72.900002,74.029999,72.680000,73.580002,73.580002,443400,-,70.610050,72.157600,71.388499,72.821000,823370.00
12/27/2012,73.019997,73.830002,72.459999,73.669998,73.669998,465400,-,70.556600,72.220600,71.274999,72.371000,820386.00
12/26/2012,73.580002,74.620003,72.669998,73.239998,73.239998,415500,-,70.500600,72.269800,71.105999,71.965000,816796.00
12/24/2012,73.739998,73.839996,73.059998,73.430000,73.430000,193900,-,70.439850,72.327400,70.958500,71.600000,817710.00
12/21/2012,72.050003,73.699997,71.669998,73.430000,73.430000,823100,-,70.377900,72.378400,70.800999,71.233000,820588.00
12/20/2012,73.940002,74.570000,73.050003,73.209999,73.209999,1223000,-,70.313450,72.431400,70.629499,70.933000,822346.00
12/19/2012,74.349998,75.000000,72.570000,74.050003,74.050003,1234800,-,70.251900,72.487800,70.462500,70.572000,804658.00
12/18/2012,71.029999,74.639999,70.879997,74.139999,74.139999,1568100,-,70.193400,72.537400,70.275499,70.141000,788382.00
12/17/2012,68.889999,70.970001,68.629997,70.779999,70.779999,1088200,-,70.135500,72.602200,70.000499,69.771999,765214.00
12/14/2012,69.010002,69.620003,68.440002,68.680000,68.680000,330600,-,70.097800,72.721800,69.924999,69.738999,754254.00
12/13/2012,69.730003,69.970001,68.610001,69.080002,69.080002,480000,-,70.071450,72.858200,69.917999,69.955999,762684.00
12/12/2012,69.860001,70.320000,69.349998,69.610001,69.610001,669900,-,70.043850,72.976800,69.838999,70.178999,763040.00
12/11/2012,69.760002,69.989998,69.129997,69.589996,69.589996,810300,-,70.013650,73.085800,69.805499,70.246999,762120.00
12/10/2012,70.470001,70.470001,69.279999,69.760002,69.760002,539400,-,69.982850,73.198200,69.775999,70.316999,759048.00
12/07/2012,69.779999,70.709999,69.500000,70.430000,70.430000,923000,-,69.951550,73.300800,69.723999,70.368999,771290.00
12/06/2012,69.639999,70.370003,68.959999,69.599998,69.599998,700900,-,69.913000,73.401000,69.615499,70.325999,766894.00
12/05/2012,70.129997,70.769997,69.610001,69.739998,69.739998,924300,-,69.878500,73.536400,69.609000,70.352999,778648.00
12/04/2012,69.830002,70.930000,69.599998,70.449997,70.449997,1445600,-,69.844050,73.730200,69.703000,70.409999,778596.00
12/03/2012,70.849998,70.860001,70.089996,70.449997,70.449997,624600,-,69.804350,73.926800,69.827500,70.228999,754534.00
11/30/2012,71.029999,71.459999,70.300003,70.849998,70.849998,1827500,-,69.763200,74.125400,70.060000,70.110999,758738.00
11/29/2012,71.099998,72.370003,70.339996,71.309998,71.309998,1667700,-,69.709050,74.306200,70.405000,69.880000,728526.00
11/28/2012,69.779999,70.599998,69.639999,70.290001,70.290001,567700,-,69.652350,74.494800,70.710001,69.499000,702966.00
11/27/2012,70.190002,70.470001,69.860001,70.290001,70.290001,663000,-,69.593850,74.739800,71.024001,69.364000,700048.00
11/26/2012,70.029999,70.339996,69.360001,70.279999,70.279999,675200,-,69.536350,74.966600,71.319001,69.235000,696486.00
11/23/2012,70.190002,70.470001,69.699997,70.000000,70.000000,196900,-,69.475550,75.165000,71.609501,69.079000,703958.00
11/21/2012,69.870003,70.849998,69.589996,69.870003,69.870003,1708200,-,69.414750,75.343000,71.919001,68.905000,713284.00
11/20/2012,69.110001,71.669998,68.800003,70.309998,70.309998,590700,-,69.356950,75.501600,72.334000,68.865000,684572.00
11/19/2012,69.930000,69.959999,68.489998,68.639999,68.639999,388500,-,69.296250,75.658400,72.745501,68.996001,680522.00
11/16/2012,68.330002,69.980003,68.199997,69.269997,69.269997,524500,-,69.242050,75.871200,73.239001,69.426001,679900.00
11/15/2012,67.599998,68.580002,67.059998,68.540001,68.540001,779000,-,69.187100,76.049001,73.660001,70.009001,679080.00
11/14/2012,69.080002,69.110001,67.180000,67.500000,67.500000,667300,-,69.132600,76.219801,74.065501,70.930001,669530.00
11/13/2012,68.480003,69.150002,68.250000,68.940002,68.940002,675100,-,69.079250,76.425801,74.527001,71.921001,660396.00
11/12/2012,69.269997,69.690002,68.379997,69.000000,69.000000,467000,-,69.022600,76.587001,74.886501,72.684001,650764.00
11/09/2012,68.239998,69.720001,68.000000,68.720001,68.720001,512400,-,68.970050,76.736201,75.242501,73.403001,647694.00
11/08/2012,69.870003,69.959999,68.199997,68.260002,68.260002,704400,-,68.915000,76.897001,75.605501,74.140001,642132.00
11/07/2012,70.849998,71.610001,69.000000,69.470001,69.470001,1948800,-,68.856900,77.076600,75.996501,74.933001,631066.00
11/06/2012,70.010002,72.610001,70.010002,71.620003,71.620003,2566500,-,68.794550,77.241801,76.324501,75.803001,598588.00
11/05/2012,73.000000,73.239998,71.070000,72.940002,72.940002,1861800,-,68.721500,77.337000,76.570001,76.495000,559016.00
11/02/2012,77.199997,78.169998,75.010002,75.099998,75.099998,727000,-,68.641650,77.420400,76.792001,77.052000,527478.00
11/01/2012,77.199997,77.989998,76.809998,77.750000,77.750000,599300,-,68.548350,77.464000,76.875001,77.311001,518924.00
10/31/2012,76.550003,77.809998,75.989998,77.410004,77.410004,533700,-,68.444450,77.466600,76.762501,77.201001,512646.00
10/26/2012,75.800003,76.730003,75.419998,76.570000,76.570000,432000,-,68.342200,77.474400,76.642501,77.133001,511220.00
10/25/2012,76.910004,77.620003,76.019997,76.190002,76.190002,299800,-,68.246650,77.513000,76.567001,77.089001,515392.00
10/24/2012,76.279999,77.070000,75.639999,76.089996,76.089996,758000,-,68.146450,77.585200,76.518000,77.082001,521644.00
10/23/2012,77.220001,79.949997,75.309998,76.190002,76.190002,1179800,-,68.049300,77.633400,76.458001,77.071001,536222.00
10/22/2012,78.139999,79.080002,77.610001,78.169998,78.169998,650400,-,67.952100,77.687800,76.420501,77.060001,529496.00
10/19/2012,78.410004,78.580002,77.120003,78.540001,78.540001,854000,-,67.844350,77.683000,76.330501,76.846001,531022.00
10/18/2012,77.300003,78.680000,76.989998,78.510002,78.510002,317300,-,67.736550,77.622401,76.375001,76.645001,561462.00
10/17/2012,76.470001,78.290001,76.470001,77.690002,77.690002,405200,-,67.628050,77.572401,76.463501,76.532001,569722.00
10/16/2012,77.019997,77.230003,76.279999,76.650002,76.650002,515800,-,67.525550,77.552200,76.598000,76.439001,598106.00
10/15/2012,76.099998,77.400002,76.010002,76.730003,76.730003,294200,-,67.427000,77.571000,76.760000,76.324001,602164.00
10/12/2012,75.830002,76.970001,75.570000,76.129997,76.129997,285900,-,67.327750,77.635000,76.960500,76.152000,606818.00
10/11/2012,76.250000,76.860001,75.050003,76.120003,76.120003,461200,-,67.226900,77.678400,77.281000,76.045000,612048.00
10/10/2012,76.040001,76.800003,75.620003,75.980003,75.980003,337800,-,67.127000,77.722800,77.556500,75.954000,612314.00
10/09/2012,76.160004,76.220001,75.790001,76.080002,76.080002,911000,-,67.028600,77.741600,77.767500,75.845000,616146.00
10/08/2012,76.290001,76.430000,75.440002,76.029999,76.029999,338600,-,66.926900,77.769200,77.908500,75.781000,612452.00
10/05/2012,77.550003,77.779999,76.440002,76.529999,76.529999,421000,-,66.824750,77.775600,77.997000,75.815000,616018.00
10/04/2012,77.120003,77.589996,76.209999,77.379997,77.379997,409700,-,66.719200,77.761000,78.078000,76.105000,621342.00
10/03/2012,75.849998,77.500000,75.519997,76.760002,76.760002,540200,-,66.596000,77.697400,78.173000,76.395000,624074.00
10/02/2012,75.059998,76.760002,75.059998,75.500000,75.500000,752100,-,66.484800,77.620600,78.243000,76.757000,618700.00
10/01/2012,75.339996,76.040001,74.599998,75.010002,75.010002,497800,-,66.372800,77.581000,78.322000,77.196000,612822.00
09/28/2012,75.029999,75.739998,74.070000,75.059998,75.059998,623900,-,66.260450,77.568200,78.461500,77.768999,608738.00
09/27/2012,75.050003,75.889999,74.419998,75.209999,75.209999,656700,-,66.148500,77.563200,78.558500,78.517000,606626.00
09/26/2012,75.349998,75.470001,73.010002,74.889999,74.889999,1151500,-,66.036500,77.518000,78.621000,79.159000,600442.00
09/25/2012,76.860001,77.099998,75.360001,75.440002,75.440002,703200,-,65.926750,77.481600,78.714500,79.689999,583254.00
09/24/2012,77.830002,78.820000,75.660004,76.370003,76.370003,1288600,-,65.805400,77.423400,78.804500,80.035999,572276.00
09/21/2012,80.970001,81.849998,78.699997,79.430000,79.430000,921700,-,65.688250,77.353400,78.872500,80.178999,551240.00
09/20/2012,79.940002,80.870003,79.769997,80.279999,80.279999,242500,-,65.555950,77.220400,78.720000,80.050999,542260.00
09/19/2012,80.000000,80.559998,79.169998,80.379997,80.379997,834800,-,65.414750,77.046600,78.561500,79.950999,545560.00
09/18/2012,80.199997,80.730003,79.800003,79.889999,79.889999,316900,-,65.278250,76.881000,78.406500,79.729000,539538.00
09/17/2012,82.709999,82.739998,80.470001,80.739998,80.739998,389700,-,65.142850,76.723600,78.306000,79.448000,537840.00
09/14/2012,81.540001,83.410004,81.430000,82.540001,82.540001,421800,-,65.003500,76.550400,78.159000,79.154001,532858.00
09/13/2012,79.940002,82.269997,79.709999,81.629997,81.629997,484900,-,64.854000,76.344400,77.957000,78.600001,529314.00
09/12/2012,78.860001,82.209999,78.660004,80.199997,80.199997,1048800,-,64.709600,76.156000,77.865501,78.083001,522438.00
09/11/2012,78.059998,79.720001,77.379997,78.900002,78.900002,663200,-,64.567850,75.993000,77.780501,77.739001,515678.00
09/10/2012,78.220001,78.660004,77.680000,77.800003,77.800003,272600,-,64.428250,75.832400,77.781001,77.573001,516284.00
09/07/2012,79.059998,79.209999,77.930000,78.150002,78.150002,388200,-,64.301550,75.676400,77.787501,77.566001,516092.00
09/06/2012,78.750000,79.360001,78.099998,79.279999,79.279999,357400,-,64.171150,75.506400,77.655501,77.389001,519224.00
09/05/2012,77.320000,79.589996,76.949997,78.160004,78.160004,483500,-,64.039300,75.274800,77.492001,77.172001,518992.00
09/04/2012,77.570000,77.800003,76.730003,77.080002,77.080002,301500,-,63.909500,75.043800,77.418001,77.084000,519778.00
08/31/2012,77.050003,78.330002,76.919998,77.800003,77.800003,210600,-,63.781600,74.860400,77.443501,77.164000,533402.00
08/30/2012,76.500000,77.239998,76.430000,77.000000,77.000000,193500,-,63.658500,74.653200,77.550000,77.164000,534264.00
08/29/2012,76.660004,76.989998,75.910004,76.459999,76.459999,313500,-,63.535750,74.501200,77.615001,77.314000,543138.00
08/28/2012,76.930000,77.489998,76.629997,76.760002,76.760002,234300,-,63.421500,74.351600,77.709000,77.648000,549994.00
08/27/2012,78.180000,78.180000,77.239998,77.239998,77.239998,151100,-,63.301150,74.169000,77.717000,77.822000,552566.00
08/24/2012,76.559998,78.129997,76.379997,77.730003,77.730003,324900,-,63.171100,73.962000,77.728000,77.989001,558336.00
08/23/2012,77.150002,77.150002,75.970001,76.379997,76.379997,587900,-,63.049700,73.725200,77.659000,78.009000,560128.00
08/22/2012,77.110001,77.699997,76.739998,77.110001,77.110001,284900,-,62.932050,73.496200,77.630000,77.922001,569824.00
08/21/2012,77.870003,78.629997,77.040001,77.279999,77.279999,299300,-,62.810050,73.248600,77.484500,77.812001,576062.00
08/20/2012,77.889999,78.250000,76.739998,77.879997,77.879997,285400,-,62.676950,72.970800,77.266500,77.752001,575304.00
08/17/2012,78.830002,79.290001,77.309998,77.800003,77.800003,462400,-,62.528500,72.695600,77.048500,77.723001,573216.00
08/16/2012,79.599998,80.099998,78.459999,78.500000,78.500000,640600,-,62.373750,72.415800,76.877000,77.936001,577490.00
08/15/2012,78.739998,80.089996,78.690002,79.800003,79.800003,612400,-,62.210950,72.120800,76.692500,77.916001,573692.00
08/14/2012,79.010002,80.570000,78.449997,78.500000,78.500000,1486900,-,62.039850,71.795000,76.350000,77.770000,577196.00
08/13/2012,77.709999,79.019997,77.160004,78.910004,78.910004,843500,-,61.895250,71.450600,76.078500,77.612000,552698.00
08/10/2012,75.800003,78.360001,75.199997,77.930000,77.930000,726700,-,61.751800,71.098600,75.759499,77.467000,541640.00
08/09/2012,74.629997,76.250000,74.500000,75.510002,75.510002,2376000,-,61.610350,70.794000,75.506499,77.309000,569182.00
08/08/2012,75.500000,76.120003,74.910004,76.010002,76.010002,730300,-,61.484900,70.547600,75.369999,77.338000,529962.00
08/07/2012,77.900002,78.900002,73.519997,76.680000,76.680000,1824400,-,61.353600,70.320000,75.148999,77.156999,535936.00
08/06/2012,80.000000,80.099998,77.360001,77.589996,77.589996,718700,-,61.215200,70.071800,74.919999,76.780999,507176.00
08/03/2012,78.580002,80.220001,78.070000,79.930000,79.930000,526900,-,61.071150,69.804200,74.641499,76.373999,501546.00
08/02/2012,77.970001,78.830002,77.580002,78.300003,78.300003,547400,-,60.922800,69.497800,74.248999,75.817999,498968.00
08/01/2012,77.699997,79.019997,77.489998,78.339996,78.339996,474500,-,60.776300,69.224800,73.945999,75.468999,511262.00
07/31/2012,77.000000,77.800003,76.059998,76.919998,76.919998,529400,-,60.629800,68.930600,73.639499,74.929999,510722.00
07/30/2012,76.160004,77.669998,76.160004,77.459999,77.459999,726300,-,60.488050,68.625800,73.395999,74.544999,511634.00
07/27/2012,75.959999,76.849998,75.800003,76.349998,76.349998,516900,-,60.346150,68.343400,73.066499,74.051999,505696.00
07/26/2012,75.070000,76.080002,74.489998,75.800003,75.800003,687200,-,60.206600,68.122400,72.748999,73.703999,509922.00
07/25/2012,73.220001,74.389999,72.769997,74.199997,74.199997,546300,-,60.070850,67.916200,72.441499,73.401999,503868.00
07/24/2012,73.519997,73.680000,72.519997,72.919998,72.919998,271500,-,59.933000,67.756800,72.116499,73.140999,501466.00
07/23/2012,73.919998,74.059998,73.150002,73.519997,73.519997,458200,-,59.804300,67.648200,71.800999,73.058999,506434.00
07/20/2012,74.150002,74.820000,73.589996,74.370003,74.370003,293600,-,59.669650,67.531800,71.520500,72.908999,507090.00
07/19/2012,73.019997,75.050003,72.919998,74.809998,74.809998,518300,-,59.523300,67.387200,71.174000,72.679999,526950.00
07/18/2012,72.779999,73.080002,72.510002,72.949997,72.949997,347500,-,59.367600,67.190400,70.903500,72.422999,550056.00
07/17/2012,72.470001,73.650002,72.099998,73.070000,73.070000,292100,-,59.237050,66.967800,70.705000,72.348999,550062.00
07/16/2012,72.739998,72.989998,72.220001,72.529999,72.529999,154300,-,59.112300,66.737800,70.433000,72.246999,549164.00
07/13/2012,72.919998,73.330002,72.699997,72.870003,72.870003,236800,-,58.995650,66.534200,70.151000,72.081000,552692.00
07/12/2012,71.300003,73.339996,70.830002,72.779999,72.779999,472700,-,58.881550,66.321600,69.802000,71.793999,554974.00
07/11/2012,72.089996,72.650002,71.519997,71.589996,71.589996,407500,-,58.763700,66.086400,69.409500,71.481000,558408.00
07/10/2012,72.110001,72.790001,71.870003,72.099998,72.099998,533700,-,58.643650,65.864000,69.066500,71.092000,554440.00
07/09/2012,71.739998,72.410004,71.379997,72.019997,72.019997,232000,-,58.514500,65.630400,68.631001,70.543000,550034.00
07/06/2012,71.660004,72.550003,71.279999,72.080002,72.080002,140600,-,58.395200,65.409000,68.236001,70.132001,551272.00
07/05/2012,71.970001,72.480003,71.139999,72.239998,72.239998,244600,-,58.282050,65.180000,67.822501,69.668001,555832.00
07/03/2012,72.330002,72.529999,71.900002,72.209999,72.209999,141100,-,58.166400,64.938600,67.398001,69.384001,555824.00
07/02/2012,71.120003,72.120003,70.699997,72.050003,72.050003,710800,-,58.052050,64.698400,66.963001,69.061002,562740.00
06/29/2012,70.949997,71.860001,70.300003,70.870003,70.870003,693500,-,57.938950,64.496600,66.424501,68.619001,553150.00
06/28/2012,69.559998,70.000000,69.160004,70.000000,70.000000,263000,-,57.830750,64.308200,65.946501,68.221001,544784.00
06/27/2012,67.959999,70.279999,67.879997,69.650002,69.650002,544800,-,57.718950,64.131400,65.581501,67.810001,543404.00
06/26/2012,66.989998,67.860001,66.510002,67.699997,67.699997,345800,-,57.605000,63.964600,65.258500,67.338000,539660.00
06/25/2012,67.239998,67.779999,66.360001,66.610001,66.610001,522800,-,57.500050,63.817400,65.105000,67.041001,535854.00
06/22/2012,67.510002,68.309998,66.860001,67.910004,67.910004,982700,-,57.411450,63.704600,64.988000,66.719001,530264.00
06/21/2012,69.550003,69.970001,67.290001,67.440002,67.440002,253700,-,57.320000,63.567600,64.803000,66.340001,516812.00
06/20/2012,68.949997,69.970001,68.820000,69.400002,69.400002,637200,-,57.222350,63.430000,64.661500,65.977001,520042.00
06/19/2012,67.980003,69.290001,67.349998,68.980003,68.980003,656300,-,57.119750,63.230200,64.424000,65.412001,516278.00
06/18/2012,66.510002,67.690002,66.389999,67.629997,67.629997,362900,-,57.023000,63.083800,64.156500,64.865000,507544.00
06/15/2012,65.809998,67.059998,65.660004,66.889999,66.889999,439600,-,56.934250,62.986400,63.859000,64.230000,505190.00
06/14/2012,64.849998,66.000000,64.629997,65.889999,65.889999,414500,-,56.849750,62.884200,63.681500,63.672001,503918.00
06/13/2012,64.650002,65.290001,64.040001,64.930000,64.930000,1072700,-,56.768850,62.826600,63.652000,63.353001,501270.00
06/12/2012,63.459999,64.790001,63.459999,64.730003,64.730003,596800,-,56.682400,62.815400,63.680000,63.179000,484278.00
06/11/2012,64.410004,64.800003,63.360001,63.389999,63.389999,261400,-,56.591200,62.789800,63.755000,63.169000,481004.00
06/08/2012,63.880001,64.160004,62.959999,64.120003,64.120003,181000,-,56.512250,62.784200,63.960000,63.257000,482516.00
06/07/2012,64.570000,65.599998,63.680000,63.810001,63.810001,676100,-,56.428800,62.766800,64.139000,63.265999,481664.00
06/06/2012,63.650002,64.059998,63.130001,63.750000,63.750000,450700,-,56.336200,62.770200,64.305500,63.345999,471048.00
06/05/2012,61.400002,63.540001,61.139999,63.509998,63.509998,787600,-,56.250400,62.782600,64.366500,63.435999,467780.00
06/04/2012,61.509998,61.790001,60.459999,61.279999,61.279999,262000,-,56.162750,62.810600,64.282000,63.448000,462648.00
06/01/2012,62.400002,62.549999,61.000000,61.310001,61.310001,290600,-,56.098600,62.877600,64.296500,63.488000,463730.00
05/31/2012,63.860001,63.860001,61.660000,62.700001,62.700001,2103800,-,56.034700,62.931600,64.348500,63.691000,462628.00
05/30/2012,63.919998,64.430000,63.000000,63.189999,63.189999,415000,-,55.967500,62.942200,64.325500,63.951000,426252.00
05/29/2012,64.879997,65.389999,63.740002,64.629997,64.629997,1029000,-,55.887700,62.957800,64.217000,64.181000,422362.00
05/25/2012,64.349998,64.500000,63.599998,64.269997,64.269997,386400,-,55.799350,62.945000,64.009000,64.341000,409288.00
05/24/2012,64.660004,65.040001,63.360001,64.209999,64.209999,437200,-,55.699750,62.929400,63.816500,64.663000,405858.00
05/23/2012,63.950001,64.639999,62.759998,64.610001,64.610001,398000,-,55.604650,62.907400,63.653500,65.012000,401836.00
05/22/2012,64.070000,65.110001,64.000000,64.650002,64.650002,1162100,-,55.491900,62.873000,63.454500,65.265000,399316.00
05/21/2012,62.259998,63.730000,61.490002,63.630001,63.630001,447500,-,55.398950,62.829400,63.230500,65.297000,381548.00
05/18/2012,63.900002,63.900002,61.340000,61.680000,61.680000,575000,-,55.316200,62.778600,63.059000,65.116000,381832.00
05/17/2012,65.099998,65.660004,63.290001,63.340000,63.340000,429400,-,55.264600,62.765800,63.073000,65.105000,376686.00
05/16/2012,66.150002,67.220001,65.220001,65.300003,65.300003,728200,-,55.202850,62.709800,62.978500,65.006000,373784.00
05/15/2012,66.519997,66.519997,65.309998,65.489998,65.489998,384500,-,55.142750,62.621800,62.771500,64.700000,365092.00
05/14/2012,66.760002,67.349998,65.910004,66.230003,66.230003,426200,-,55.085300,62.559000,62.562500,64.253000,360986.00
05/11/2012,67.360001,67.949997,66.730003,67.489998,67.489998,519900,-,55.027850,62.485600,62.268000,63.677000,356302.00
05/10/2012,67.230003,68.620003,67.150002,67.699997,67.699997,491000,-,54.977150,62.400600,61.942000,62.970000,350634.00
05/09/2012,64.300003,67.830002,62.959999,67.139999,67.139999,1286600,-,54.933600,62.314800,61.610000,62.295000,347996.00
05/08/2012,61.099998,66.180000,59.950001,64.970001,64.970001,1673600,-,54.893500,62.243200,61.281000,61.644000,330598.00
05/07/2012,61.270000,61.880001,60.770000,61.820000,61.820000,347800,-,54.867400,62.215200,61.003000,61.164000,306366.00
05/04/2012,62.250000,62.730000,60.930000,61.570000,61.570000,247200,-,54.855850,62.247400,60.995000,61.002000,304566.00
05/03/2012,62.320000,62.730000,62.200001,62.349998,62.349998,330700,-,54.841900,62.286000,61.054500,61.041000,303726.00
05/02/2012,60.930000,62.560001,60.930000,62.240002,62.240002,350900,-,54.817200,62.293400,61.026000,60.951000,301030.00
05/01/2012,60.389999,61.400002,60.279999,61.020000,61.020000,644400,-,54.787400,62.302600,61.064500,60.843000,297558.00
04/30/2012,60.470001,60.740002,60.180000,60.470001,60.470001,209100,-,54.769000,62.339200,61.232000,60.872000,289628.00
04/27/2012,61.020000,61.380001,60.349998,60.419998,60.419998,313400,-,54.750950,62.380000,61.381000,60.859000,294526.00
04/26/2012,60.610001,61.139999,60.419998,60.950001,60.950001,293900,-,54.732650,62.416000,61.515500,60.914000,306490.00
04/25/2012,60.730000,60.930000,60.349998,60.630001,60.630001,368600,-,54.711500,62.397400,61.630500,60.925000,306158.00
04/24/2012,60.130001,60.770000,59.830002,60.169998,60.169998,244200,-,54.690900,62.384200,61.798000,60.918000,312334.00
04/23/2012,61.849998,61.869999,60.119999,60.200001,60.200001,486900,-,54.679050,62.352600,62.008000,60.842001,316084.00
04/20/2012,61.650002,62.279999,61.540001,61.959999,61.959999,231300,-,54.670750,62.324400,62.243501,60.988000,317760.00
04/19/2012,61.099998,61.490002,60.799999,61.450001,61.450001,275200,-,54.655850,62.247600,62.377000,61.068000,320962.00
04/18/2012,61.110001,61.259998,60.730000,61.160000,61.160000,194000,-,54.638450,62.175400,62.505000,61.101000,319438.00
04/17/2012,60.779999,61.540001,60.709999,61.310001,61.310001,357600,-,54.608400,62.118400,62.608500,61.286000,317456.00
04/16/2012,61.180000,61.180000,60.160000,60.340000,60.340000,155500,-,54.573150,62.055600,62.741500,61.592000,316736.00
04/13/2012,61.099998,61.220001,60.689999,60.970001,60.970001,243300,-,54.543250,62.004800,62.924001,61.903000,316714.00
04/12/2012,60.759998,61.130001,60.209999,61.060001,61.060001,310100,-,54.511250,61.951000,63.050001,62.117000,318104.00
04/11/2012,59.959999,60.900002,59.480000,60.560001,60.560001,415200,-,54.476400,61.882600,63.152501,62.336000,315772.00
04/10/2012,61.750000,62.209999,59.040001,59.410000,59.410000,449000,-,54.445650,61.808000,63.269000,62.678000,314350.00
04/09/2012,62.200001,62.340000,61.400002,61.660000,61.660000,219600,-,54.426200,61.772000,63.422001,63.174000,316562.00
04/05/2012,61.520000,62.970001,61.520000,62.759998,62.759998,245200,-,54.403600,61.708600,63.393501,63.499001,325340.00
04/04/2012,62.500000,62.560001,61.389999,61.779999,61.779999,376000,-,54.370800,61.607600,63.307501,63.686000,332332.00
04/03/2012,64.139999,64.209999,62.950001,63.009998,63.009998,282100,-,54.342050,61.504800,63.245501,63.909001,335018.00
04/02/2012,63.500000,64.769997,63.110001,64.370003,64.370003,223100,-,54.311050,61.384600,63.140001,63.931001,340166.00
03/30/2012,63.220001,63.630001,62.700001,63.450001,63.450001,433100,-,54.269250,61.237400,63.039001,63.891001,341442.00
03/29/2012,62.840000,63.590000,62.790001,63.110001,63.110001,337000,-,54.230500,61.107800,62.994501,63.945001,341290.00
03/28/2012,64.070000,64.070000,63.020000,63.250000,63.250000,138400,-,54.194750,60.974400,63.001001,63.983001,337612.00
03/27/2012,64.529999,64.879997,63.830002,63.980000,63.980000,145300,-,54.155800,60.848800,63.009001,63.969001,343924.00
03/26/2012,65.169998,65.320000,64.279999,64.370003,64.370003,287300,-,54.123400,60.708400,62.988001,63.860001,348020.00
03/23/2012,64.989998,65.320000,64.680000,64.910004,64.910004,531000,-,54.090400,60.570200,62.948001,63.670001,368118.00
03/22/2012,63.680000,64.760002,63.580002,64.629997,64.629997,316100,-,54.055550,60.395000,62.874001,63.288000,364742.00
03/21/2012,63.040001,64.169998,62.910000,64.010002,64.010002,235500,-,54.021750,60.235600,62.817501,62.929001,367114.00
03/20/2012,63.549999,63.610001,63.099998,63.230000,63.230000,285000,-,53.988600,60.090400,62.753001,62.582001,369238.00
03/19/2012,63.740002,64.080002,63.430000,63.970001,63.970001,220500,-,53.961350,59.958200,62.726501,62.349001,369020.00
03/16/2012,63.599998,64.070000,63.189999,63.990002,63.990002,375300,-,53.928450,59.818400,62.670501,62.187001,376044.00
03/15/2012,63.189999,63.840000,62.750000,63.490002,63.490002,214900,-,53.892000,59.674800,62.596500,62.044001,376136.00
03/14/2012,62.759998,63.590000,62.759998,63.110001,63.110001,236100,-,53.857000,59.548800,62.533000,62.019001,387682.00
03/13/2012,62.619999,63.490002,62.619999,62.889999,62.889999,272000,-,53.822600,59.425400,62.378500,62.049001,387406.00
03/12/2012,61.209999,62.500000,61.000000,62.470001,62.470001,273700,-,53.786550,59.305200,62.232500,62.116001,395986.00
03/09/2012,61.360001,61.389999,60.730000,61.090000,61.090000,461700,-,53.752950,59.175000,62.038500,62.226001,395162.00
03/08/2012,61.080002,61.599998,60.750000,61.040001,61.040001,317700,-,53.727450,59.076000,61.923500,62.460001,391540.00
03/07/2012,61.009998,61.340000,60.480000,60.540001,60.540001,284300,-,53.701200,58.981200,61.777500,62.706001,401854.00
03/06/2012,61.910000,62.189999,60.450001,60.900002,60.900002,293600,-,53.683500,58.885200,61.642500,62.924001,402614.00
03/05/2012,62.549999,63.009998,62.000000,62.349998,62.349998,179200,-,53.667100,58.779200,61.513000,63.104000,405530.00
03/02/2012,62.900002,63.410000,62.310001,62.560001,62.560001,192000,-,53.642150,58.640600,61.304000,63.154000,432634.00
03/01/2012,63.299999,63.790001,62.860001,63.240002,63.240002,236500,-,53.610250,58.444200,61.066000,63.149000,437592.00
02/29/2012,63.250000,63.820000,62.889999,63.410000,63.410000,359100,-,53.582900,58.269800,60.818000,63.047000,476164.00
02/28/2012,63.700001,63.889999,63.000000,63.560001,63.560001,416700,-,53.555150,58.063600,60.529500,62.708000,476082.00
02/27/2012,63.009998,64.389999,61.439999,63.570000,63.570000,462000,-,53.532350,57.843200,60.193000,62.349000,473842.00
02/24/2012,63.590000,63.849998,62.869999,63.430000,63.430000,257800,-,53.507850,57.625200,59.895000,61.851000,468414.00
02/23/2012,62.580002,63.599998,62.560001,63.500000,63.500000,205200,-,53.482350,57.412800,59.648000,61.387000,467560.00
02/22/2012,62.919998,63.270000,62.160000,62.720001,62.720001,195900,-,53.454100,57.201600,59.358500,60.849000,469656.00
02/21/2012,62.919998,63.020000,62.419998,62.700001,62.700001,177300,-,53.430500,56.970600,59.054500,60.361000,468618.00
02/17/2012,62.400002,63.009998,62.110001,62.849998,62.849998,247900,-,53.404650,56.775400,58.769500,59.922000,471532.00
02/16/2012,62.310001,62.509998,61.900002,62.509998,62.509998,454000,-,53.381700,56.577800,58.477500,59.454000,471952.00
02/15/2012,60.439999,62.310001,60.250000,62.220001,62.220001,911600,-,53.362700,56.368400,58.200500,58.983000,470660.00
02/14/2012,59.930000,60.439999,59.369999,60.020000,60.020000,277300,-,53.348100,56.185600,57.911500,58.589000,462856.00
02/13/2012,59.040001,60.150002,58.639999,59.970001,59.970001,677400,-,53.342700,56.041400,57.759000,58.351000,465130.00
02/10/2012,58.439999,58.759998,58.180000,58.590000,58.590000,431700,-,53.336050,55.899400,57.608500,58.037000,485294.00
02/09/2012,58.259998,58.880001,58.049999,58.790001,58.790001,570700,-,53.323700,55.780400,57.552000,57.939000,488210.00
02/08/2012,57.910000,58.160000,57.840000,58.119999,58.119999,391400,-,53.306150,55.659600,57.420000,57.909000,486270.00
02/07/2012,58.259998,58.259998,57.619999,57.840000,57.840000,199000,-,53.289850,55.534200,57.347000,57.868000,482644.00
02/06/2012,57.950001,58.610001,57.779999,58.310001,58.310001,94900,-,53.275050,55.397000,57.292500,57.748000,484578.00
02/03/2012,58.099998,58.520000,58.000000,58.169998,58.169998,321600,-,53.257500,55.280000,57.208000,57.617000,488038.00
02/02/2012,58.480000,58.689999,57.560001,57.799999,57.799999,154400,-,53.240450,55.158000,57.148500,57.501000,488696.00
02/01/2012,57.959999,58.689999,57.959999,58.279999,58.279999,312800,-,53.225150,55.060200,57.099000,57.418000,493366.00
01/31/2012,57.110001,57.689999,56.919998,57.639999,57.639999,193500,-,53.210250,54.938600,57.044500,57.234000,494728.00
01/30/2012,57.180000,57.240002,56.599998,56.830002,56.830002,344100,-,53.198450,54.815800,57.009500,57.167000,500084.00
01/27/2012,58.090000,58.470001,57.470001,57.610001,57.610001,559600,-,53.188650,54.742800,57.012000,57.180000,502052.00
01/26/2012,58.169998,59.110001,57.980000,58.490002,58.490002,658500,-,53.174350,54.639600,56.929500,57.165000,497942.00
01/25/2012,56.529999,57.750000,56.529999,57.709999,57.709999,594800,-,53.153150,54.542000,56.812000,56.931000,490820.00
01/24/2012,56.470001,57.369999,56.380001,56.639999,56.639999,510300,-,53.138650,54.441600,56.741500,56.826000,483556.00
01/23/2012,57.009998,57.290001,56.049999,57.000000,57.000000,539500,-,53.132500,54.333400,56.696500,56.837000,477708.00
01/20/2012,56.939999,57.220001,56.500000,57.009998,57.009998,286900,-,53.124950,54.262400,56.626500,56.799000,471430.00
01/19/2012,56.430000,57.470001,56.430000,56.970001,56.970001,425500,-,53.104300,54.179200,56.547000,56.796000,474146.00
01/18/2012,56.910000,56.980000,56.200001,56.439999,56.439999,153100,-,53.079400,54.094000,56.335500,56.780000,479102.00
01/17/2012,57.369999,58.380001,56.779999,56.970001,56.970001,454000,-,53.055500,53.978400,56.239500,56.855000,489498.00
01/13/2012,57.450001,57.650002,56.860001,56.959999,56.959999,350100,-,53.023800,53.802800,56.046000,56.852000,494832.00
01/12/2012,56.709999,57.639999,56.230000,57.459999,57.459999,1292200,-,52.986450,53.600600,55.825000,56.844000,505144.00
01/11/2012,56.540001,57.119999,56.119999,56.150002,56.150002,362200,-,52.945000,53.370200,55.585500,56.694000,495114.00
01/10/2012,57.000000,57.380001,56.490002,56.660000,56.660000,434700,-,52.910300,53.158800,55.418500,56.693000,512698.00
01/09/2012,56.750000,56.919998,56.320000,56.750000,56.750000,341700,-,52.876050,53.017200,55.232500,56.657000,514114.00
01/06/2012,56.990002,56.990002,56.250000,56.619999,56.619999,274100,-,52.841700,52.886600,54.953500,56.556000,514226.00
01/05/2012,56.770000,57.000000,56.130001,56.980000,56.980000,571700,-,52.802750,52.747000,54.769500,56.454000,514422.00
01/04/2012,57.000000,57.639999,56.700001,56.810001,56.810001,379900,-,52.761200,52.615800,54.569000,56.298000,508266.00
01/03/2012,57.520000,57.790001,57.000000,57.189999,57.189999,792200,-,52.721550,52.474600,54.330500,55.891000,504126.00
12/30/2011,57.029999,57.470001,56.549999,56.939999,56.939999,222300,-,52.677450,52.310800,54.125000,55.624000,492220.00
12/29/2011,56.189999,57.270000,56.070000,56.880001,56.880001,701000,-,52.628000,52.147600,53.918500,55.240000,493396.00
12/28/2011,56.230000,56.230000,55.029999,55.959999,55.959999,232500,-,52.573500,52.015200,53.718000,54.806000,483488.00
12/27/2011,56.360001,56.430000,55.990002,56.139999,56.139999,280600,-,52.521450,51.876000,53.552000,54.477000,481096.00
12/23/2011,55.740002,56.599998,55.650002,56.299999,56.299999,833400,-,52.473350,51.734000,53.382500,54.144000,476880.00
12/22/2011,55.790001,56.020000,55.509998,55.740002,55.740002,322300,-,52.430900,51.579400,53.160000,53.808000,462904.00
12/21/2011,55.299999,55.900002,54.889999,55.599998,55.599998,439400,-,52.389600,51.446200,52.922000,53.350999,459346.00
12/20/2011,55.750000,56.209999,54.590000,55.419998,55.419998,1534400,-,52.351600,51.303000,52.765000,53.084999,454302.00
12/19/2011,54.250000,54.680000,52.509998,52.740002,52.740002,439900,-,52.315250,51.167600,52.597500,52.840000,426298.00
12/16/2011,53.619999,55.180000,53.450001,54.520000,54.520000,2165100,-,52.292650,51.045400,52.606000,52.770000,419718.00
12/15/2011,53.180000,53.650002,52.669998,53.099998,53.099998,355000,-,52.260000,50.898600,52.490000,52.626000,380228.00
12/14/2011,52.980000,53.220001,51.869999,52.540001,52.540001,304700,-,52.233750,50.768400,52.410000,52.597000,380908.00
12/13/2011,53.400002,53.970001,52.470001,52.669998,52.669998,190600,-,52.215150,50.619600,52.442000,52.630000,386068.00
12/12/2011,52.209999,52.980000,51.790001,52.810001,52.810001,215100,-,52.186450,50.439600,52.431000,52.627000,392650.00
12/09/2011,51.209999,53.000000,51.209999,52.939999,52.939999,310000,-,52.151250,50.320200,52.471000,52.621000,393180.00
12/08/2011,52.709999,52.860001,51.000000,51.169998,51.169998,144000,-,52.114050,50.223800,52.458500,52.512000,393610.00
12/07/2011,53.080002,53.310001,52.570000,52.939999,52.939999,323000,-,52.083200,50.184400,52.461500,52.493000,398254.00
12/06/2011,51.740002,53.020000,51.720001,52.970001,52.970001,268900,-,52.043350,50.126600,52.487000,52.445000,396840.00
12/05/2011,53.259998,53.580002,51.720001,52.040001,52.040001,389400,-,52.006950,50.051400,52.481000,52.355000,396528.00
12/02/2011,52.619999,53.270000,52.520000,53.080002,53.080002,521400,-,51.978950,49.962200,52.514500,52.442000,393114.00
12/01/2011,52.790001,53.389999,52.360001,52.810001,52.810001,391000,-,51.946400,49.826000,52.393500,52.354000,386438.00
11/30/2011,54.119999,54.349998,52.849998,52.869999,52.869999,1685600,-,51.913950,49.733000,52.162500,52.223000,381830.00
11/29/2011,52.830002,53.029999,52.299999,52.639999,52.639999,577500,-,51.885100,49.664600,51.861500,52.254000,352572.00
11/28/2011,53.090000,53.090000,52.540001,52.750000,52.750000,473700,-,51.858650,49.594000,51.526500,52.235000,344708.00
11/25/2011,50.910000,52.320000,50.910000,51.849998,51.849998,210100,-,51.829900,49.525800,51.168000,52.321000,340220.00
11/23/2011,52.160000,52.389999,50.770000,50.980000,50.980000,295700,-,51.801150,49.477400,51.054500,52.405000,341250.00
11/22/2011,52.020000,52.930000,51.990002,52.459999,52.459999,267900,-,51.772800,49.442400,51.016500,52.430000,339592.00
11/21/2011,52.230000,52.840000,51.680000,52.070000,52.070000,354500,-,51.729900,49.346000,50.875500,52.529000,338722.00
11/18/2011,52.310001,53.150002,51.810001,52.910000,52.910000,387900,-,51.679500,49.241800,50.793000,52.607000,338416.00
11/17/2011,51.490002,52.650002,51.490002,52.200001,52.200001,380900,-,51.624900,49.117800,50.635000,52.587000,337086.00
11/16/2011,52.250000,53.610001,51.459999,51.500000,51.500000,461300,-,51.573900,49.051600,50.475000,52.433000,338146.00
11/15/2011,52.310001,53.380001,52.310001,53.180000,53.180000,442500,-,51.524500,49.014000,50.339000,52.102000,333436.00
11/14/2011,53.450001,53.450001,52.180000,52.450001,52.450001,354100,-,51.466800,48.908600,50.193000,51.468999,331954.00
11/11/2011,53.349998,54.070000,52.970001,53.610001,53.610001,302400,-,51.414550,48.837200,50.020500,50.817999,329552.00
11/10/2011,51.860001,52.759998,51.110001,52.689999,52.689999,231600,-,51.356700,48.757600,49.792000,50.014999,331424.00
11/09/2011,52.270000,53.369999,51.000000,51.230000,51.230000,217900,-,51.303850,48.701400,49.586000,49.704000,334706.00
11/08/2011,52.939999,53.849998,52.730000,53.450001,53.450001,225600,-,51.259000,48.676600,49.478500,49.603000,337356.00
11/07/2011,52.360001,52.919998,51.470001,52.849998,52.849998,422700,-,51.200050,48.601800,49.228000,49.222000,344998.00
11/04/2011,50.660000,53.160000,50.660000,52.709999,52.709999,673300,-,51.142250,48.497600,49.018000,48.979000,343684.00
11/03/2011,48.700001,50.799999,48.340000,50.660000,50.660000,672900,-,51.084350,48.373200,48.714000,48.683000,336044.00
11/02/2011,47.000000,48.270000,46.980000,48.189999,48.189999,720700,-,51.036550,48.312000,48.540000,48.517000,334810.00
11/01/2011,45.240002,47.799999,43.980000,46.849998,46.849998,865700,-,51.003100,48.296800,48.460000,48.576000,340086.00
10/31/2011,45.290001,47.209999,45.290001,45.939999,45.939999,790700,-,50.973800,48.265600,48.372500,48.917000,329622.00
10/28/2011,49.439999,49.439999,45.150002,45.580002,45.580002,1241400,-,50.948750,48.278600,48.259000,49.223000,326300.00
10/27/2011,50.950001,51.980000,49.270000,49.580002,49.580002,505500,-,50.920950,48.286600,48.322000,49.569000,311680.00
10/26/2011,50.180000,50.509998,49.570000,50.220001,50.220001,347300,-,50.872400,48.264000,48.249000,49.468000,313338.00
10/25/2011,50.459999,50.689999,49.130001,49.639999,49.639999,283900,-,50.816500,48.230200,48.198000,49.354000,317442.00
10/24/2011,49.980000,50.599998,49.549999,50.419998,50.419998,263900,-,50.764050,48.222600,48.218500,49.234000,327094.00
10/21/2011,49.639999,50.099998,48.910000,49.750000,49.750000,172900,-,50.707850,48.158800,48.158000,49.057000,332718.00
10/20/2011,48.799999,49.389999,47.799999,49.000000,49.000000,196900,-,50.655200,48.103000,48.049500,48.745000,346026.00
10/19/2011,50.150002,50.480000,48.660000,48.779999,48.779999,281100,-,50.608050,48.010000,47.913000,48.563000,353752.00
10/18/2011,49.330002,50.590000,48.919998,50.259998,50.259998,205600,-,50.562150,47.938200,47.882000,48.344000,374548.00
10/17/2011,48.599998,49.290001,48.540001,49.000000,49.000000,112900,-,50.503150,47.774200,47.841500,47.828000,407040.00
10/14/2011,49.189999,49.439999,48.770000,49.040001,49.040001,69800,-,50.452850,47.715400,47.847000,47.295000,433858.00
10/13/2011,48.610001,49.009998,48.119999,48.570000,48.570000,134600,-,50.400200,47.676200,47.862000,47.075000,453848.00
10/12/2011,48.639999,49.480000,48.639999,49.080002,49.080002,144400,-,50.349850,47.732000,47.905000,47.030000,462868.00
10/11/2011,48.169998,48.930000,48.060001,48.439999,48.439999,187200,-,50.296000,47.770200,47.912500,47.042000,476966.00
10/10/2011,47.520000,49.000000,47.509998,48.650002,48.650002,134200,-,50.244650,47.867000,47.872500,47.203000,483932.00
10/07/2011,47.470001,47.930000,46.520000,46.630001,46.630001,110900,-,50.191950,47.974000,47.783000,47.259000,490464.00
10/06/2011,46.459999,47.630001,46.040001,47.180000,47.180000,190600,-,50.151300,48.136200,47.787000,47.354000,501010.00
10/05/2011,45.279999,46.779999,44.820000,46.590000,46.590000,389000,-,50.106500,48.339600,47.872500,47.263000,504704.00
10/04/2011,43.090000,45.119999,41.840000,45.099998,45.099998,562700,-,50.063750,48.587600,48.024000,47.420000,499054.00
10/03/2011,46.580002,47.340000,43.660000,43.669998,43.669998,519700,-,50.031600,48.868000,48.164500,47.855000,493600.00
09/30/2011,47.270000,47.849998,46.700001,46.840000,46.840000,241600,-,50.001900,49.189600,48.425000,48.399000,488062.00
09/29/2011,49.930000,50.799999,47.160000,48.119999,48.119999,331500,-,49.957700,49.443000,48.564500,48.649000,495360.00
09/28/2011,50.669998,51.270000,48.990002,49.200001,49.200001,376200,-,49.902150,49.656200,48.652500,48.780000,497166.00
09/27/2011,50.119999,51.230000,49.560001,50.049999,50.049999,252300,-,49.840200,49.820400,48.692000,48.783000,497884.00
09/26/2011,47.880001,49.349998,46.540001,49.209999,49.209999,253300,-,49.769950,49.945000,48.675000,48.542000,496992.00
09/23/2011,46.099998,47.680000,46.099998,47.580002,47.580002,218700,-,49.702400,50.107600,48.596500,48.307000,495756.00
09/22/2011,46.950001,47.709999,45.689999,46.270000,46.270000,187600,-,49.644100,50.293200,48.542000,48.220000,497932.00
09/21/2011,49.380001,50.110001,48.160000,48.160000,48.160000,160600,-,49.591450,50.503000,48.608500,48.482000,499064.00
09/20/2011,49.320000,50.180000,49.320000,49.450001,49.450001,222700,-,49.527850,50.674200,48.572000,48.628000,501158.00
09/19/2011,48.619999,49.349998,47.619999,49.110001,49.110001,184300,-,49.455950,50.815400,48.364000,48.474000,502440.00
09/16/2011,49.500000,49.950001,49.099998,49.340000,49.340000,249300,-,49.382900,50.989200,48.238000,48.451000,508310.00
09/15/2011,49.650002,50.000000,49.070000,49.430000,49.430000,261600,-,49.308100,51.173200,48.070000,48.480000,510538.00
09/14/2011,48.040001,49.580002,47.759998,49.230000,49.230000,212800,-,49.228550,51.364200,48.021000,48.525000,520110.00
09/13/2011,47.040001,48.180000,46.639999,47.639999,47.639999,224400,-,49.152850,51.539000,47.986000,48.601000,534460.00
09/12/2011,46.099998,47.130001,45.830002,46.860001,46.860001,339200,-,49.089150,51.689200,48.067000,48.808000,539882.00
09/09/2011,48.459999,48.900002,46.410000,46.709999,46.709999,321400,-,49.029800,51.837200,48.085500,48.886000,544230.00
09/08/2011,49.349998,49.889999,48.650002,48.889999,48.889999,433900,-,48.971500,51.990200,48.098000,48.864000,545462.00
09/07/2011,48.700001,50.270000,48.689999,49.619999,49.619999,225800,-,48.903600,52.103800,47.871000,48.735000,544034.00
09/06/2011,48.000000,48.439999,46.930000,47.910000,47.910000,368400,-,48.833950,52.193200,47.649500,48.516000,552110.00
09/02/2011,49.130001,49.599998,48.480000,48.880001,48.880001,234000,-,48.773450,52.323200,47.357000,48.254000,672616.00
09/01/2011,49.990002,50.849998,49.540001,49.630001,49.630001,396000,-,48.708000,52.456000,47.216000,48.025000,679414.00
08/31/2011,50.250000,51.680000,49.599998,49.880001,49.880001,395700,-,48.639200,52.606200,47.088500,47.660000,684668.00
08/30/2011,49.509998,50.660000,49.000000,49.990002,49.990002,350400,-,48.569150,52.732600,47.162500,47.517000,685380.00
08/29/2011,48.090000,50.000000,47.990002,49.709999,49.709999,607700,-,48.498350,52.853400,47.212500,47.371000,688110.00
08/26/2011,46.169998,48.070000,44.849998,47.639999,47.639999,357000,-,48.429800,52.995400,47.391000,47.326000,701268.00
08/25/2011,47.990002,48.139999,46.310001,46.490002,46.490002,291300,-,48.371100,53.162800,47.709000,47.285000,700204.00
08/24/2011,47.209999,49.540001,46.669998,47.599998,47.599998,611200,-,48.317650,53.347000,48.121500,47.332000,703918.00
08/23/2011,45.330002,47.590000,44.799999,47.430000,47.430000,984500,-,48.258600,53.514200,48.609000,47.007000,700440.00
08/22/2011,47.549999,47.930000,45.150002,45.290001,45.290001,342500,-,48.200050,53.674800,49.187000,46.782999,700458.00
08/19/2011,45.459999,47.650002,45.459999,46.590000,46.590000,624600,-,48.152350,53.919000,49.878500,46.459999,701516.00
08/18/2011,47.480000,47.930000,45.419998,45.980000,45.980000,510400,-,48.086150,54.142600,50.536500,46.407000,694134.00
08/17/2011,48.730000,49.669998,47.630001,48.450001,48.450001,588400,-,48.018800,54.381800,51.213000,46.517000,690918.00
08/16/2011,48.820000,49.810001,48.439999,48.529999,48.529999,552500,-,47.939300,54.570200,51.729500,46.808000,687246.00
08/15/2011,47.590000,49.570000,47.590000,49.259998,49.259998,766500,-,47.859050,54.747200,52.173500,47.054000,680386.00
08/12/2011,47.290001,48.209999,46.560001,47.230000,47.230000,545100,-,47.775100,54.917600,52.524500,47.456000,671292.00
08/11/2011,44.330002,47.790001,43.669998,46.959999,46.959999,838300,-,47.701250,55.120800,53.030000,48.133000,664174.00
08/10/2011,44.400002,45.680000,43.570000,44.349998,44.349998,583200,-,47.629750,55.315600,53.525000,48.911000,651742.00
08/09/2011,42.680000,45.730000,42.459999,45.189999,45.189999,1320900,-,47.570500,55.558400,54.145500,50.211000,644340.00
08/08/2011,45.000000,45.160000,41.330002,42.060001,42.060001,1830200,-,47.510150,55.779200,54.722000,51.591001,621838.00
08/05/2011,48.400002,48.549999,43.029999,46.060001,46.060001,1453800,-,47.464500,56.051600,55.444500,53.297001,587956.00
08/04/2011,50.680000,50.680000,47.080002,47.080002,47.080002,1069300,-,47.399100,56.245400,56.031500,54.666000,560096.00
08/03/2011,51.009998,51.990002,49.709999,51.360001,51.360001,585600,-,47.329150,56.423600,56.604500,55.909000,541370.00
08/02/2011,53.439999,54.400002,50.919998,50.990002,50.990002,849300,-,47.236850,56.512200,56.985500,56.651000,532092.00
08/01/2011,54.009998,56.169998,52.889999,53.279999,53.279999,535500,-,47.148350,56.632400,57.334500,57.293000,516648.00
07/29/2011,54.459999,54.459999,53.830002,54.000000,54.000000,460800,-,47.046950,56.719200,57.428000,57.593000,510328.00
07/28/2011,57.349998,58.060001,54.520000,54.740002,54.740002,638200,-,46.939450,56.786400,57.441000,57.927000,506890.00
07/27/2011,58.720001,59.020000,57.160000,57.349998,57.349998,375300,-,46.830250,56.815200,57.422000,58.139000,499064.00
07/26/2011,59.070000,59.369999,58.610001,58.990002,58.990002,106500,-,46.707750,56.823600,57.283000,58.080000,497178.00
07/25/2011,59.549999,59.689999,58.860001,59.119999,59.119999,290000,-,46.572800,56.801000,57.038000,57.852999,498540.00
07/22/2011,59.570000,59.959999,59.180000,59.750000,59.750000,242800,-,46.438050,56.798600,56.802500,57.591999,496828.00
07/21/2011,58.730000,60.000000,58.220001,59.509998,59.509998,606500,-,46.301400,56.777000,56.591000,57.396999,496614.00
07/20/2011,57.759998,59.049999,57.759998,58.779999,58.779999,421800,-,46.168350,56.753400,56.472500,57.300000,487510.00
07/19/2011,56.840000,58.110001,56.840000,57.410000,57.410000,412100,-,46.039350,56.734800,56.343500,57.320000,483846.00
07/18/2011,57.150002,57.279999,55.959999,56.279999,56.279999,207700,-,45.917800,56.746600,56.274500,57.376000,479764.00
07/15/2011,56.959999,57.619999,56.959999,57.340000,57.340000,191500,-,45.798900,56.771600,56.301000,57.263000,479966.00
07/14/2011,56.830002,57.290001,56.509998,56.860001,56.860001,327500,-,45.678900,56.790000,56.234500,56.955000,478936.00
07/13/2011,56.759998,57.349998,56.240002,56.759998,56.759998,244200,-,45.562050,56.827000,56.176500,56.705000,475852.00
07/12/2011,56.320000,57.160000,56.320000,56.720001,56.720001,265300,-,45.443500,56.877800,56.136500,56.486000,479634.00
07/11/2011,57.480000,58.470001,56.130001,56.509998,56.509998,286800,-,45.328900,56.922200,56.073500,56.223000,485448.00
07/08/2011,58.200001,58.889999,57.520000,57.799999,57.799999,477800,-,45.212850,56.964800,56.123000,56.013000,486622.00
07/07/2011,59.000000,59.230000,58.529999,58.540001,58.540001,360700,-,45.091350,56.931200,56.121500,55.785000,484646.00
07/06/2011,58.290001,59.139999,57.919998,58.980000,58.980000,740200,-,44.967850,56.866000,56.091500,55.645000,480900.00
07/05/2011,56.669998,58.759998,56.500000,57.970001,57.970001,930300,-,44.845450,56.783600,56.036000,55.367000,469412.00
07/01/2011,54.500000,55.430000,54.250000,55.150002,55.150002,495500,-,44.728100,56.721800,56.006500,55.173000,453348.00
06/30/2011,54.520000,54.849998,54.049999,54.259998,54.259998,556600,-,44.622900,56.714800,56.138000,55.339000,446720.00
06/29/2011,54.630001,54.720001,53.970001,54.360001,54.360001,383000,-,44.525350,56.724800,56.294500,55.514000,439550.00
06/28/2011,54.509998,54.889999,53.959999,54.570000,54.570000,362500,-,44.431050,56.732400,56.411500,55.648000,434550.00
06/27/2011,54.360001,54.759998,53.610001,54.090000,54.090000,629600,-,44.333200,56.747000,56.507500,55.787000,431424.00
06/24/2011,55.860001,55.930000,53.020000,54.410000,54.410000,6393700,-,44.232750,56.770800,56.614500,55.924000,423866.00
06/23/2011,56.980000,57.049999,54.980000,55.520000,55.520000,573900,-,44.131700,56.780000,56.678000,56.233000,297432.00
06/22/2011,56.080002,58.150002,56.080002,57.139999,57.139999,658700,-,44.024100,56.764600,56.689500,56.458000,290516.00
06/21/2011,56.160000,56.820000,55.930000,56.200001,56.200001,431300,-,43.908400,56.706800,56.632000,56.538000,282010.00
06/20/2011,56.560001,56.660000,55.480000,56.029999,56.029999,486900,-,43.797400,56.679000,56.611500,56.705000,276098.00
06/17/2011,56.150002,56.990002,55.770000,56.810001,56.810001,1265600,-,43.686250,56.666600,56.660000,56.840000,274556.00
06/16/2011,55.650002,56.360001,55.049999,56.009998,56.009998,303800,-,43.572200,56.640200,56.700500,56.937000,268338.00
06/15/2011,55.500000,56.400002,55.349998,55.700001,55.700001,477000,-,43.460900,56.577600,56.768000,57.075000,265840.00
06/14/2011,55.619999,56.650002,55.470001,55.959999,55.959999,437300,-,43.351150,56.503400,56.792000,57.175000,258816.00
06/13/2011,57.820000,57.869999,51.900002,55.459999,55.459999,985400,-,43.240100,56.417400,56.882500,57.228000,255604.00
06/10/2011,57.750000,57.939999,56.639999,57.500000,57.500000,395400,-,43.134050,56.320800,57.002500,57.305000,242812.00
06/09/2011,57.889999,58.060001,57.599998,57.770000,57.770000,255500,-,43.019050,56.160600,57.077500,57.123000,239644.00
06/08/2011,57.889999,58.299999,57.500000,57.939999,57.939999,349600,-,42.903950,55.988600,57.122500,56.921000,239358.00
06/07/2011,57.639999,58.400002,57.189999,57.869999,57.869999,404800,-,42.789250,55.814000,57.142000,56.726000,237320.00
06/06/2011,57.049999,57.639999,57.049999,57.380001,57.380001,209500,-,42.674900,55.652800,57.141000,56.518000,240674.00
06/03/2011,56.970001,58.130001,56.849998,57.779999,57.779999,311800,-,42.563500,55.502800,57.172000,56.480000,244716.00
06/02/2011,56.730000,57.750000,56.730000,57.389999,57.389999,189200,-,42.449850,55.323800,57.159500,56.464000,239842.00
06/01/2011,56.480000,57.290001,56.119999,56.700001,56.700001,216700,-,42.338150,55.149400,57.203000,56.461000,239224.00
05/31/2011,56.599998,58.230000,56.450001,56.490002,56.490002,213100,-,42.232400,54.993000,57.303500,56.409000,236510.00
05/27/2011,55.799999,56.320000,55.799999,56.230000,56.230000,195800,-,42.130700,54.830600,57.444000,56.537000,240546.00
05/26/2011,55.580002,56.549999,55.340000,55.680000,55.680000,136100,-,42.030550,54.647000,57.579500,56.700000,237916.00
05/25/2011,55.959999,56.080002,55.330002,55.750000,55.750000,60800,-,41.933150,54.453000,57.727500,57.032000,240902.00
05/24/2011,55.970001,56.590000,55.759998,55.990002,55.990002,133000,-,41.835400,54.249000,57.746000,57.324000,241224.00
05/23/2011,56.599998,56.730000,55.270000,55.790001,55.790001,121700,-,41.736200,54.059600,57.710500,57.558000,240474.00
05/20/2011,57.639999,57.639999,56.619999,57.000000,57.000000,77100,-,41.638500,53.900000,57.664000,57.764000,239200.00
05/19/2011,57.500000,57.660000,57.189999,57.619999,57.619999,219500,-,41.534750,53.709600,57.558000,57.864000,241808.00
05/18/2011,56.369999,57.689999,56.250000,57.360001,57.360001,288900,-,41.429150,53.517200,57.417000,57.855000,240322.00
05/17/2011,57.520000,57.740002,55.900002,56.180000,56.180000,246900,-,41.323600,53.333000,57.287000,57.945000,235918.00
05/16/2011,57.689999,58.919998,57.430000,57.770000,57.770000,281000,-,41.225200,53.173800,57.215000,58.198000,234392.00
05/13/2011,58.660000,59.060001,57.610001,57.860001,57.860001,174600,-,41.118850,52.978200,57.091500,58.350999,231470.00
05/12/2011,58.360001,59.090000,58.290001,59.000000,59.000000,204400,-,41.010800,52.778000,56.962499,58.458999,232054.00
05/11/2011,57.980000,59.230000,57.980000,58.669998,58.669998,232100,-,40.893300,52.574400,56.755999,58.422999,234632.00
05/10/2011,57.139999,58.439999,56.869999,58.330002,58.330002,151300,-,40.777450,52.339600,56.559999,58.167999,234982.00
05/09/2011,58.099998,58.500000,57.490002,57.849998,57.849998,238600,-,40.660800,52.088400,56.355999,57.862999,235664.00
05/06/2011,57.959999,58.480000,57.459999,58.000000,58.000000,208000,-,40.546550,51.841400,56.204000,57.563999,242844.00
05/05/2011,58.040001,58.509998,57.279999,57.529999,57.529999,217800,-,40.431800,51.581400,56.074500,57.251999,239300.00
05/04/2011,58.630001,58.919998,58.099998,58.259998,58.259998,140000,-,40.320400,51.330200,55.972500,56.978999,236668.00
05/03/2011,57.959999,59.990002,57.360001,58.709999,58.709999,173300,-,40.206600,51.078800,55.703500,56.628999,235090.00
05/02/2011,59.009998,60.570000,58.990002,59.299999,59.299999,433300,-,40.088050,50.833400,55.367500,56.232000,232438.00
04/29/2011,58.470001,61.150002,58.020000,58.939999,58.939999,556000,-,39.968550,50.578800,54.985500,55.832000,225028.00
04/28/2011,56.070000,58.689999,56.049999,58.639999,58.639999,345500,-,39.851100,50.326400,54.570000,55.466000,219232.00
04/27/2011,55.299999,56.419998,54.799999,56.119999,56.119999,379000,-,39.735650,50.095600,54.112500,55.089000,215536.00
04/26/2011,55.000000,55.439999,54.799999,55.279999,55.279999,173400,-,39.635300,49.920200,53.765000,54.952000,220720.00
04/25/2011,54.830002,55.009998,54.570000,54.860001,54.860001,165800,-,39.540150,49.754600,53.461500,54.849000,234010.00
04/21/2011,55.130001,55.250000,54.480000,54.880001,54.880001,127100,-,39.446850,49.579400,53.209000,54.844000,236378.00
04/20/2011,55.119999,55.439999,54.660000,54.799999,54.799999,164100,-,39.352450,49.388000,52.959000,54.897000,247594.00
04/19/2011,55.040001,55.240002,54.279999,54.759998,54.759998,198100,-,39.260950,49.169600,52.660500,54.966000,259198.00
04/18/2011,54.980000,55.799999,54.490002,54.740002,54.740002,133000,-,39.169650,48.914200,52.356000,54.778000,257232.00
04/15/2011,55.169998,55.580002,55.080002,55.299999,55.299999,206200,-,39.073450,48.659200,52.063000,54.503000,257602.00
04/14/2011,54.200001,55.349998,54.200001,55.279999,55.279999,251700,-,38.974450,48.393200,51.716500,54.139000,266778.00
04/13/2011,54.959999,55.369999,54.650002,54.869999,54.869999,72000,-,38.874550,48.120000,51.305000,53.674001,262802.00
04/12/2011,53.830002,54.799999,53.259998,54.750000,54.750000,228100,-,38.777700,47.855400,50.860500,53.136001,263384.00
04/11/2011,53.759998,54.610001,52.470001,54.250000,54.250000,233400,-,38.680700,47.600400,50.400500,52.578001,260450.00
04/08/2011,55.419998,55.470001,54.240002,54.810001,54.810001,135700,-,38.587450,47.356200,50.014000,52.074001,256544.00
04/07/2011,55.419998,55.540001,54.500000,55.410000,55.410000,409800,-,38.491400,47.102400,49.664000,51.574001,254224.00
04/06/2011,54.040001,55.560001,53.980000,55.490002,55.490002,954700,-,38.392600,46.839400,49.267500,51.021001,266520.00
04/05/2011,52.150002,53.020000,51.950001,52.880001,52.880001,178900,-,38.292650,46.562800,48.893000,50.355001,249444.00
04/04/2011,51.840000,52.060001,51.570000,51.990002,51.990002,125800,-,38.204500,46.331000,48.656500,49.934000,247718.00
04/01/2011,51.009998,51.889999,50.950001,51.660000,51.660000,276700,-,38.120800,46.113800,48.468000,49.623000,248288.00
03/31/2011,49.759998,50.689999,49.650002,50.630001,50.630001,345800,-,38.036250,45.902600,48.284500,49.294000,247098.00
03/30/2011,49.470001,49.810001,49.189999,49.490002,49.490002,237000,-,37.956600,45.720000,48.145500,48.936000,247084.00
03/29/2011,49.490002,49.490002,48.889999,49.169998,49.169998,241200,-,37.881650,45.550000,48.112000,48.585000,243066.00
03/28/2011,49.009998,50.020000,49.009998,49.209999,49.209999,247700,-,37.806300,45.385200,48.000000,48.223000,243120.00
03/25/2011,49.740002,50.400002,49.439999,49.810001,49.810001,572500,-,37.732750,45.201400,47.828000,47.954000,240622.00
03/24/2011,49.990002,50.310001,48.720001,49.880001,49.880001,411600,-,37.656300,45.002600,47.612500,47.754000,238614.00
03/23/2011,48.919998,49.340000,48.459999,48.830002,48.830002,68100,-,37.579500,44.785800,47.368500,47.514000,232118.00
03/22/2011,49.610001,49.919998,48.560001,48.669998,48.669998,158300,-,37.507850,44.592200,47.175500,47.431000,233454.00
03/21/2011,48.410000,49.130001,48.119999,48.880001,48.880001,81000,-,37.433250,44.402400,47.026500,47.379000,232314.00
03/18/2011,47.060001,48.590000,47.060001,48.369999,48.369999,414900,-,37.363850,44.209200,46.904500,47.313000,231762.00
03/17/2011,46.029999,47.150002,46.029999,47.049999,47.049999,64300,-,37.297000,44.033200,46.814500,47.275000,231524.00
03/16/2011,45.320000,46.660000,45.320000,45.980000,45.980000,285400,-,37.236750,43.884200,46.778000,47.355000,236960.00
03/15/2011,45.779999,46.139999,45.230000,45.549999,45.549999,76900,-,37.186250,43.733800,46.834000,47.639000,232394.00
03/14/2011,47.709999,47.709999,46.480000,46.520000,46.520000,95500,-,37.138500,43.601600,46.924000,47.777000,231052.00
03/11/2011,46.250000,48.000000,46.240002,47.810001,47.810001,58000,-,37.085900,43.441400,46.948000,47.702000,229344.00
03/10/2011,47.580002,47.830002,47.139999,47.480000,47.480000,207500,-,37.026850,43.255200,46.862500,47.471000,228362.00
03/09/2011,48.150002,48.450001,47.869999,48.000000,48.000000,145200,-,36.969450,43.071800,46.754000,47.223000,224444.00
03/08/2011,48.500000,48.669998,47.980000,48.150002,48.150002,68700,-,36.910950,42.875200,46.548000,46.920000,221654.00
03/07/2011,47.509998,48.750000,47.230000,48.220001,48.220001,170600,-,36.853950,42.674400,46.240000,46.674000,220360.00
03/04/2011,47.340000,48.200001,47.330002,47.990002,47.990002,134900,-,36.797850,42.480000,45.928500,46.496000,237882.00
03/03/2011,48.410000,49.209999,47.570000,47.849998,47.849998,203800,-,36.748900,42.284600,45.629000,46.354000,237970.00
03/02/2011,47.610001,49.689999,46.459999,48.820000,48.820000,333300,-,36.695900,42.088400,45.317500,46.201000,234694.00
03/01/2011,45.549999,48.349998,45.549999,46.930000,46.930000,249600,-,36.641800,41.885400,44.958500,46.029000,235176.00
02/28/2011,45.970001,46.590000,45.750000,45.770000,45.770000,185400,-,36.595150,41.701400,44.712000,46.071000,233066.00
02/25/2011,45.110001,45.599998,44.660000,45.500000,45.500000,597600,-,36.556300,41.546000,44.525500,46.193999,234736.00
02/24/2011,45.139999,45.240002,44.759998,45.000000,45.000000,30800,-,36.518800,41.376200,44.356500,46.253999,228924.00
02/23/2011,45.939999,46.840000,44.770000,44.970001,44.970001,86200,-,36.483800,41.212400,44.219500,46.284999,236684.00
02/22/2011,46.259998,46.720001,45.630001,45.689999,45.689999,61100,-,36.447700,41.033000,44.054000,46.175999,247342.00
02/18/2011,46.630001,46.750000,46.099998,46.439999,46.439999,40700,-,36.408500,40.833200,43.834000,45.806000,247636.00
02/17/2011,46.060001,46.810001,46.049999,46.570000,46.570000,62800,-,36.368050,40.622800,43.568500,45.361000,247952.00
02/16/2011,47.029999,47.200001,45.950001,46.320000,46.320000,266200,-,36.332700,40.406200,43.295000,44.904000,263658.00
02/15/2011,47.049999,47.369999,46.980000,47.099998,47.099998,160700,-,36.299850,40.188600,43.054000,44.434000,261992.00
02/14/2011,46.919998,47.490002,46.779999,47.349998,47.349998,638200,-,36.261850,39.948000,42.748500,43.888000,259714.00
02/11/2011,46.060001,47.459999,46.060001,47.000000,47.000000,837900,-,36.214600,39.691000,42.427500,43.353000,252750.00
02/10/2011,45.410000,46.259998,45.160000,46.099998,46.099998,284200,-,36.165850,39.438600,42.078500,42.857000,238426.00
02/09/2011,43.959999,45.500000,43.700001,45.310001,45.310001,687900,-,36.117850,39.187000,41.767000,42.459000,234388.00
02/08/2011,42.240002,44.200001,41.950001,43.880001,43.880001,744300,-,36.073800,38.962600,41.453500,42.154000,222266.00
02/07/2011,42.000000,42.020000,41.880001,41.990002,41.990002,99800,-,36.036900,38.783000,41.217000,41.932000,207610.00
02/04/2011,42.110001,42.110001,41.860001,41.990002,41.990002,151500,-,36.008200,38.643000,41.076500,41.862000,205896.00
02/03/2011,41.590000,42.090000,41.590000,42.000000,42.000000,665000,-,35.978250,38.504200,40.938000,41.776000,204732.00
02/02/2011,41.830002,42.000000,41.590000,41.619999,41.619999,52900,-,35.945800,38.370400,40.816500,41.686000,191932.00
02/01/2011,41.930000,42.000000,41.619999,41.639999,41.639999,101100,-,35.917750,38.251800,40.715500,41.674000,191958.00
01/31/2011,42.240002,42.529999,40.500000,42.000000,42.000000,81400,-,35.889600,38.135200,40.556500,41.609000,190906.00
01/28/2011,42.230000,42.230000,41.220001,42.040001,42.040001,38100,-,35.860100,38.011000,40.403500,41.502000,192504.00
01/27/2011,42.310001,42.500000,42.119999,42.119999,42.119999,19700,-,35.829900,37.887600,40.227000,41.300000,192092.00
01/26/2011,41.270000,42.580002,40.759998,42.259998,42.259998,1024600,-,35.795550,37.762600,40.046000,41.075000,192150.00
01/25/2011,41.240002,42.020000,41.080002,41.660000,41.660000,100900,-,35.759250,37.634000,39.848500,40.753000,172434.00
01/24/2011,41.200001,41.540001,41.049999,41.290001,41.290001,92600,-,35.725950,37.520800,39.674000,40.502000,172894.00
01/21/2011,41.209999,41.400002,41.080002,41.130001,41.130001,154300,-,35.693000,37.413000,39.515000,40.291000,175684.00
01/20/2011,41.500000,41.680000,41.070000,41.099998,41.099998,217200,-,35.660100,37.306400,39.383500,40.100000,174838.00
01/19/2011,41.119999,41.860001,41.000000,41.500000,41.500000,345100,-,35.627350,37.200200,39.239500,39.947001,171464.00
01/18/2011,40.910000,41.040001,40.590000,40.990002,40.990002,36100,-,35.592600,37.084600,39.066500,39.757000,165838.00
01/14/2011,40.049999,41.259998,40.049999,40.930000,40.930000,243900,-,35.562650,36.979800,38.950500,39.504000,175038.00
01/13/2011,40.000000,40.240002,39.740002,40.020000,40.020000,122800,-,35.533000,36.828200,38.790500,39.305000,173970.00
01/12/2011,39.099998,40.860001,38.759998,39.869999,39.869999,472100,-,35.505400,36.678000,38.689500,39.154000,172662.00
01/11/2011,39.299999,39.299999,38.889999,39.040001,39.040001,86800,-,35.478300,36.531600,38.546500,39.017000,164280.00
01/10/2011,38.919998,39.270000,38.840000,39.150002,39.150002,134900,-,35.455600,36.400400,38.435000,38.944000,163002.00
01/07/2011,39.259998,39.259998,38.389999,39.180000,39.180000,101300,-,35.433600,36.266800,38.277500,38.846000,160386.00
01/06/2011,39.590000,39.810001,39.099998,39.220001,39.220001,53400,-,35.410200,36.132400,38.103500,38.739000,158604.00
01/05/2011,38.540001,39.700001,38.540001,39.570000,39.570000,403000,-,35.389100,36.001200,37.938500,38.666999,157690.00
01/04/2011,38.490002,39.830002,38.349998,39.599998,39.599998,336100,-,35.366250,35.859800,37.747000,38.532000,150194.00
01/03/2011,39.080002,39.200001,38.200001,38.459999,38.459999,57100,-,35.340400,35.730200,37.539000,38.376000,148894.00
12/31/2010,38.119999,39.000000,38.110001,38.939999,38.939999,9800,-,35.321850,35.619600,37.369500,38.397000,152992.00
12/30/2010,38.209999,38.599998,38.000000,38.509998,38.509998,10100,-,35.300900,35.500400,37.147500,38.276000,155932.00
12/29/2010,38.230000,38.759998,37.970001,38.500000,38.500000,8900,-,35.278350,35.392000,36.941000,38.225000,156754.00
12/28/2010,38.410000,38.500000,38.130001,38.310001,38.310001,11600,-,35.249600,35.280000,36.692000,38.076000,160026.00
12/27/2010,37.860001,38.200001,37.860001,38.169998,38.169998,5700,-,35.223050,35.179600,36.481000,37.926000,184454.00
12/23/2010,38.500000,38.500000,38.080002,38.110001,38.110001,4000,-,35.194700,35.076200,36.317500,37.709000,193114.00
12/22/2010,38.230000,38.520000,38.000000,38.500000,38.500000,1046700,-,35.166650,34.964000,36.161500,37.468000,195294.00
12/21/2010,38.040001,38.480000,38.000000,38.220001,38.220001,139300,-,35.139150,34.852000,35.989000,37.210000,177234.00
12/20/2010,38.830002,39.000000,38.009998,38.040001,38.040001,40000,-,35.111800,34.744600,35.843500,36.962000,175720.00
12/17/2010,37.730000,38.740002,37.419998,38.669998,38.669998,357400,-,35.080350,34.623800,35.726000,36.702000,175244.00
12/16/2010,37.939999,37.939999,37.400002,37.730000,37.730000,144100,-,35.045750,34.493800,35.583000,36.342000,168842.00
12/15/2010,36.820000,38.939999,36.820000,38.000000,38.000000,268900,-,35.012200,34.387600,35.486000,36.019000,166238.00
12/14/2010,36.779999,37.150002,36.599998,37.009998,37.009998,307000,-,34.975950,34.285600,35.379500,35.657000,161310.00
12/13/2010,36.560001,37.400002,36.169998,36.810001,36.810001,418800,-,34.942900,34.205000,35.322500,35.308000,155734.00
12/10/2010,36.310001,36.380001,35.610001,36.000000,36.000000,619100,-,34.909350,34.130800,35.273500,35.036000,148302.00
12/09/2010,35.959999,36.000000,35.419998,35.700001,35.700001,75800,-,34.878100,34.060800,35.273500,34.926000,137586.00
12/08/2010,35.700001,36.000000,35.349998,35.919998,35.919998,56500,-,34.847100,34.013600,35.283500,34.855000,139728.00
12/07/2010,35.430000,36.480000,35.380001,35.740002,35.740002,848100,-,34.816000,33.965000,35.277500,34.768000,138602.00
12/06/2010,34.799999,35.509998,34.799999,35.439999,35.439999,182900,-,34.785800,33.911200,35.280000,34.725000,122042.00
12/03/2010,33.919998,35.139999,33.919998,35.070000,35.070000,46800,-,34.757100,33.878400,35.294000,34.750000,118522.00
12/02/2010,32.919998,34.599998,32.830002,34.500000,34.500000,290000,-,34.730250,33.843000,35.328000,34.824001,117728.00
12/01/2010,33.959999,34.840000,33.740002,34.380001,34.380001,121700,-,34.706250,33.823000,35.270500,34.953001,112044.00
11/30/2010,34.000000,34.259998,33.099998,33.520000,33.520000,82300,-,34.683050,33.812200,35.177000,35.102000,110020.00
11/29/2010,34.529999,34.840000,34.090000,34.090000,34.090000,81800,-,34.664150,33.831800,35.128500,35.337000,109978.00
11/26/2010,34.810001,35.070000,34.540001,34.900002,34.900002,11500,-,34.642400,33.840000,35.048000,35.511000,108530.00
11/24/2010,34.529999,35.240002,34.529999,34.990002,34.990002,14100,-,34.616600,33.824200,34.926500,35.621000,109006.00
11/23/2010,35.070000,35.130001,34.680000,35.049999,35.049999,93300,-,34.590400,33.819400,34.800000,35.712000,110184.00
11/22/2010,35.419998,35.509998,35.000000,35.310001,35.310001,25000,-,34.564150,33.828400,34.680500,35.787000,110206.00
11/19/2010,36.000000,36.000000,34.950001,35.689999,35.689999,54200,-,34.536850,33.822200,34.540000,35.835000,112780.00
11/18/2010,36.090000,36.090000,35.660000,35.810001,35.810001,48500,-,34.510900,33.788400,34.411500,35.838000,112004.00
11/17/2010,36.000000,36.560001,35.410000,35.790001,35.790001,161300,-,34.483100,33.756200,34.267500,35.832000,111298.00
11/16/2010,35.869999,36.000000,34.740002,35.869999,35.869999,17500,-,34.452900,33.720400,34.127000,35.588000,108072.00
11/15/2010,35.959999,36.000000,35.779999,35.869999,35.869999,22600,-,34.426050,33.683000,33.988000,35.252000,107722.00
11/12/2010,35.950001,35.990002,35.080002,35.830002,35.830002,38800,-,34.399200,33.645600,33.839500,34.920000,107274.00
11/11/2010,36.349998,37.169998,35.900002,36.000000,36.000000,123900,-,34.373200,33.605000,33.712500,34.585000,106502.00
11/10/2010,35.950001,36.090000,35.400002,35.900002,35.900002,232100,-,34.346950,33.565000,33.562500,34.232000,105586.00
11/09/2010,35.880001,36.270000,35.750000,35.799999,35.799999,112000,-,34.321200,33.522000,33.392500,33.888000,100944.00
11/08/2010,35.759998,36.000000,35.410000,35.790001,35.790001,48500,-,34.295950,33.481000,33.247500,33.574000,98704.00
11/05/2010,35.900002,36.349998,34.590000,35.720001,35.720001,63800,-,34.273250,33.440200,33.100500,33.245000,97780.00
11/04/2010,34.000000,36.250000,33.619999,35.750000,35.750000,496100,-,34.252150,33.410800,32.914500,32.984999,97512.00
11/03/2010,31.760000,33.990002,31.750000,33.349998,33.349998,190500,-,34.231400,33.385800,32.735500,32.702999,87596.00
11/02/2010,32.610001,32.740002,32.200001,32.509998,32.509998,57400,-,34.223400,33.413800,32.689000,32.666000,83790.00
11/01/2010,33.349998,33.369999,32.029999,32.549999,32.549999,53000,-,34.220850,33.463600,32.708500,32.724000,82666.00
10/29/2010,32.610001,32.610001,31.360001,32.480000,32.480000,22900,-,34.219350,33.512600,32.730000,32.759000,82612.00
10/28/2010,32.470001,32.880001,32.160000,32.470001,32.470001,4100,-,34.220700,33.565000,32.761000,32.840000,82244.00
10/27/2010,32.509998,32.950001,32.250000,32.459999,32.459999,12200,-,34.222100,33.616600,32.762500,32.893000,82162.00
10/26/2010,32.919998,33.299999,32.610001,32.660000,32.660000,7700,-,34.227300,33.668400,32.806500,32.897000,85250.00
10/25/2010,33.020000,33.209999,32.310001,32.500000,32.500000,28200,-,34.231500,33.726200,32.848000,32.921000,85204.00
10/22/2010,33.000000,33.119999,32.930000,33.119999,33.119999,271100,-,34.236500,33.799200,32.875500,32.956000,84674.00
10/21/2010,33.000000,33.090000,32.349998,32.930000,32.930000,262000,-,34.245900,33.860800,32.909500,32.844000,79252.00
10/20/2010,33.180000,33.250000,32.869999,32.980000,32.980000,156800,-,34.256250,33.926200,32.928000,32.768000,75016.00
10/19/2010,32.750000,33.389999,32.599998,33.090000,33.090000,51200,-,NaN,33.990600,32.954000,32.712000,74646.00
10/18/2010,33.169998,33.169998,32.310001,32.900002,32.900002,172500,-,NaN,34.051800,32.991500,32.693000,77626.00
10/15/2010,33.299999,33.490002,32.709999,33.290001,33.290001,1233000,-,NaN,34.118800,33.071500,32.701000,74682.00
10/14/2010,32.500000,33.200001,32.380001,33.000000,33.000000,438700,-,NaN,34.178000,33.132000,32.682000,50732.00
10/13/2010,33.000000,33.020000,32.009998,32.500000,32.500000,113000,-,NaN,34.248000,33.187500,32.632000,42560.00
10/12/2010,32.820000,33.240002,32.820000,32.900002,32.900002,143700,-,NaN,34.323000,33.300000,32.716000,40564.00
10/11/2010,32.500000,33.000000,32.500000,32.849998,32.849998,63600,-,NaN,34.395000,33.430000,32.775000,45294.00
10/08/2010,32.500000,32.500000,32.000000,32.000000,32.000000,16200,-,NaN,34.468000,33.537500,32.795000,46134.00
10/07/2010,32.500000,32.500000,32.099998,32.169998,32.169998,37300,-,NaN,34.553000,33.637500,32.975000,62294.00
10/06/2010,32.410000,32.900002,32.410000,32.419998,32.419998,13900,-,NaN,34.619600,33.739000,33.088000,61554.00
10/05/2010,32.970001,33.000000,32.209999,32.900002,32.900002,22500,-,NaN,34.681200,33.818000,33.196000,61698.00
10/04/2010,33.750000,33.750000,32.000000,32.980000,32.980000,28200,-,NaN,34.723200,33.873000,33.290000,61582.00
10/01/2010,33.500000,33.500000,32.400002,33.099998,33.099998,47200,-,NaN,34.763600,33.924000,33.442000,61338.00
09/30/2010,33.009998,33.029999,32.009998,32.500000,32.500000,83300,-,NaN,34.802600,33.959000,33.582000,60914.00
09/29/2010,33.490002,33.500000,33.000000,33.340000,33.340000,182900,-,NaN,34.857600,34.034000,33.743000,59420.00
09/28/2010,33.439999,33.490002,33.439999,33.490002,33.490002,200,-,NaN,34.900800,34.054500,33.884000,55878.00
09/27/2010,33.490002,33.500000,33.049999,33.049999,33.049999,20100,-,NaN,34.931000,34.067500,34.085000,56278.00
09/24/2010,33.570000,34.000000,33.000000,33.799999,33.799999,6900,-,NaN,34.978000,34.102500,34.280000,56030.00
09/23/2010,33.029999,33.500000,33.029999,33.299999,33.299999,7100,-,NaN,35.011000,34.125000,34.300000,57634.00
09/22/2010,34.000000,34.000000,33.000000,33.500000,33.500000,5800,-,NaN,35.056000,34.185000,34.390000,57802.00
09/21/2010,33.639999,34.500000,33.000000,33.840000,33.840000,20500,-,NaN,35.107000,34.247500,34.440000,59714.00
09/20/2010,34.500000,34.500000,34.150002,34.500000,34.500000,80200,-,NaN,35.155200,34.305500,34.456000,59404.00
09/17/2010,34.750000,34.750000,34.299999,34.500000,34.500000,9400,-,NaN,35.189200,34.330500,34.406000,58008.00
09/16/2010,34.099998,34.599998,33.459999,34.110001,34.110001,35300,-,NaN,35.219200,34.360500,34.336000,57866.00
09/15/2010,34.060001,34.750000,34.060001,34.750000,34.750000,73000,-,NaN,35.267000,34.407500,34.325000,59508.00
09/14/2010,38.000000,38.000000,34.500000,35.500000,35.500000,94400,-,NaN,35.302000,34.422500,34.225000,58098.00
09/13/2010,34.250000,35.099998,34.250000,35.000000,35.000000,153700,-,NaN,35.302000,34.425000,34.050000,56418.00
09/10/2010,34.200001,34.200001,34.000000,34.000000,34.000000,15400,-,NaN,35.312000,34.482500,33.925000,54248.00
09/09/2010,34.000000,34.200001,34.000000,34.200001,34.200001,13200,-,NaN,35.338000,34.592500,33.950000,53960.00
09/08/2010,34.000000,34.000000,34.000000,34.000000,34.000000,0,-,NaN,35.364000,34.692500,33.980000,53750.00
09/07/2010,34.000000,34.000000,34.000000,34.000000,34.000000,0,-,NaN,35.391000,34.802500,34.055000,53996.00
09/03/2010,34.000000,34.000000,34.000000,34.000000,34.000000,200,-,NaN,35.423000,34.910000,34.155000,53996.00
09/02/2010,33.799999,33.799999,33.799999,33.799999,33.799999,200,-,NaN,35.455000,35.022500,34.255000,53996.00
09/01/2010,34.000000,34.500000,34.000000,34.000000,34.000000,78100,-,NaN,35.492000,35.145000,34.385000,54018.00
08/31/2010,33.750000,33.750000,33.750000,33.750000,33.750000,0,-,NaN,35.522000,35.270000,34.490000,52494.00
08/30/2010,33.750000,33.750000,33.750000,33.750000,33.750000,0,-,NaN,35.552000,35.395000,34.620000,52502.00
08/27/2010,34.000000,34.000000,33.750000,33.750000,33.750000,2300,-,NaN,35.582000,35.532500,34.800000,55078.00
08/26/2010,34.500000,34.500000,34.250000,34.250000,34.250000,50400,-,NaN,35.602000,35.670000,35.040000,55518.00
08/25/2010,34.500000,34.500000,34.500000,34.500000,34.500000,300,-,NaN,35.611000,35.770000,35.235000,54532.00
08/24/2010,34.750000,34.750000,34.750000,34.750000,34.750000,200,-,NaN,35.611000,35.820000,35.405000,54990.00
08/23/2010,35.049999,35.049999,35.000000,35.000000,35.000000,1200,-,NaN,35.598000,35.857500,35.550000,55290.00
08/20/2010,35.500000,35.500000,35.000000,35.000000,35.000000,50300,-,NaN,35.588000,35.857500,35.665000,55670.00
08/19/2010,35.500000,35.500000,35.099998,35.099998,35.099998,4500,-,NaN,35.578400,35.857500,35.790000,54664.00
08/18/2010,35.049999,35.049999,35.049999,35.049999,35.049999,0,-,NaN,35.566800,35.855000,35.905000,62690.00
08/17/2010,35.000000,35.549999,35.000000,35.049999,35.049999,166600,-,NaN,35.555800,35.865000,36.050000,65884.00
08/16/2010,35.750000,35.750000,35.549999,35.549999,35.549999,5400,-,NaN,35.529800,35.887500,36.170000,66778.00
08/13/2010,36.200001,36.200001,36.000000,36.150002,36.150002,1700,-,NaN,35.518800,35.860000,36.265001,66724.00
08/12/2010,36.200001,36.200001,36.200001,36.200001,36.200001,0,-,NaN,35.495800,35.822500,36.300000,66734.00
08/11/2010,36.150002,36.259998,36.099998,36.200001,36.200001,50200,-,NaN,35.471800,35.785000,36.305000,66900.00
08/10/2010,36.250000,36.250000,36.200001,36.200001,36.200001,138300,-,NaN,35.465400,35.752500,36.235000,66772.00
08/09/2010,36.150002,36.180000,36.099998,36.150002,36.150002,200200,-,NaN,35.461400,35.745000,36.165000,64014.00
08/06/2010,36.099998,36.250000,36.099998,36.250000,36.250000,25300,-,NaN,35.458400,35.750000,36.050000,62920.00
08/05/2010,36.250000,36.250000,36.250000,36.250000,36.250000,35500,-,NaN,35.453400,35.747500,35.925000,62514.00
08/04/2010,36.250000,36.500000,36.250000,36.500000,36.500000,30100,-,NaN,35.448400,35.735000,35.805000,61910.00
08/03/2010,36.250000,36.250000,36.250000,36.250000,36.250000,13200,-,NaN,35.444400,35.735000,35.680000,62750.00
08/02/2010,36.400002,36.540001,36.400002,36.500000,36.500000,380200,-,NaN,35.454400,35.747500,35.605000,62524.00
07/30/2010,36.500000,36.500000,36.500000,36.500000,36.500000,105600,-,NaN,35.464400,35.697500,35.455000,57452.00
07/29/2010,35.500000,36.750000,35.500000,36.250000,36.250000,824200,-,NaN,35.498400,35.647500,35.345000,55456.00
07/28/2010,35.750000,35.750000,35.500000,35.500000,35.500000,300,-,NaN,35.518400,35.600000,35.265000,39092.00
07/27/2010,35.250000,35.500000,35.250000,35.500000,35.500000,21100,-,NaN,35.568400,35.600000,35.270000,39174.00
07/26/2010,35.299999,35.500000,35.000000,35.000000,35.000000,16700,-,NaN,35.610400,35.592500,35.325000,38770.00
07/23/2010,35.700001,35.700001,35.000000,35.000000,35.000000,16000,-,NaN,35.670400,35.622500,35.450000,38436.00
07/22/2010,35.250000,35.450001,35.049999,35.049999,35.049999,26000,-,NaN,35.730400,35.652500,35.570000,38180.00
07/21/2010,35.750000,35.750000,35.250000,35.250000,35.250000,8600,-,NaN,35.789400,35.682500,35.665000,37704.00
07/20/2010,35.750000,35.750000,35.500000,35.500000,35.500000,5800,-,NaN,35.839400,35.695000,35.790000,38352.00
07/19/2010,35.400002,35.849998,35.000000,35.000000,35.000000,20200,-,NaN,35.886400,35.682500,35.890000,38316.00
07/16/2010,35.299999,35.400002,34.500000,35.400002,35.400002,7700,-,NaN,35.953400,35.695000,35.940000,38782.00
07/15/2010,35.599998,35.599998,35.299999,35.450001,35.450001,87100,-,NaN,36.035400,35.662500,35.950000,40290.00
07/14/2010,36.250000,36.500000,35.549999,35.549999,35.549999,15500,-,NaN,36.121400,35.625000,35.935000,38742.00
07/13/2010,36.049999,36.250000,35.950001,36.049999,36.049999,101400,-,NaN,36.200400,35.572500,35.930000,38964.00
07/12/2010,36.250000,36.250000,36.250000,36.250000,36.250000,5000,-,NaN,36.237400,35.475000,35.860000,39544.00
07/09/2010,36.250000,36.250000,36.200001,36.200001,36.200001,10400,-,NaN,36.257400,35.387500,35.795000,40452.00
07/08/2010,36.500000,36.500000,36.000000,36.000000,36.000000,2300,-,NaN,36.263400,35.303500,35.734999,40580.00
07/07/2010,36.500000,37.000000,36.000000,36.500000,36.500000,117400,-,NaN,36.273400,35.229500,35.700000,40568.00
07/06/2010,35.650002,36.500000,35.650002,36.500000,36.500000,2500,-,NaN,36.273400,35.129500,35.600000,38294.00
07/02/2010,35.450001,35.500000,35.450001,35.500000,35.500000,10400,-,NaN,36.268400,34.992000,35.475000,38298.00
07/01/2010,35.500000,35.500000,35.500000,35.500000,35.500000,45200,-,NaN,36.278400,34.967000,35.450000,38418.00
06/30/2010,35.349998,35.349998,35.250000,35.299999,35.299999,1000,-,NaN,36.278600,34.942000,35.375000,37516.00
06/29/2010,35.299999,35.500000,35.150002,35.500000,35.500000,2700,-,NaN,36.292800,34.927000,35.315000,37496.00
06/28/2010,35.250000,35.349998,35.000000,35.349998,35.349998,12300,-,NaN,36.303000,34.946000,35.215000,38174.00
06/25/2010,35.599998,35.599998,35.599998,35.599998,35.599998,0,-,NaN,36.318000,34.978500,35.090000,37946.00
06/24/2010,35.599998,35.599998,35.599998,35.599998,35.599998,200,-,NaN,36.326000,34.998500,34.980000,38180.00
06/23/2010,35.650002,35.650002,35.650002,35.650002,35.650002,1300,-,NaN,36.319000,35.018500,34.872000,38876.00
06/22/2010,35.299999,35.500000,35.299999,35.500000,35.500000,1900,-,NaN,36.306000,35.036000,34.759000,38850.00
06/21/2010,35.250000,35.250000,35.250000,35.250000,35.250000,400,-,NaN,36.296000,35.076000,34.659000,42620.00
06/18/2010,34.750000,35.250000,34.750000,35.250000,35.250000,128800,-,NaN,36.285000,35.151000,34.509000,43622.00
06/17/2010,34.250000,34.950001,34.250000,34.750000,34.750000,24300,-,NaN,36.271000,35.238500,34.484000,41046.00
06/16/2010,34.500000,34.700001,34.500000,34.700001,34.700001,1100,-,NaN,36.267000,35.411000,34.509000,41596.00
06/15/2010,34.099998,34.549999,34.000000,34.500000,34.500000,23200,-,NaN,36.264000,35.538500,34.539000,41600.00
06/14/2010,34.750000,34.750000,34.099998,34.099998,34.099998,15200,-,NaN,36.274000,35.713500,34.677000,42046.00
06/11/2010,34.250000,34.549999,34.250000,34.500000,34.500000,20200,-,NaN,36.292000,35.888500,34.867000,42934.00
06/10/2010,34.520000,34.520000,34.520000,34.520000,34.520000,0,-,NaN,36.292000,36.063500,35.017000,44364.00
06/09/2010,34.000000,34.750000,34.000000,34.520000,34.520000,405800,-,NaN,36.290600,36.237500,35.165000,45244.00
06/08/2010,34.000000,34.500000,33.799999,34.500000,34.500000,159700,-,NaN,36.290200,36.411500,35.313000,41240.00
06/07/2010,34.750000,35.000000,33.750000,33.750000,33.750000,211300,-,NaN,36.295200,36.574000,35.493000,39202.00
06/04/2010,35.000000,35.000000,34.750000,35.000000,35.000000,2700,-,NaN,36.310200,36.779000,35.793000,36796.00
06/03/2010,35.000000,35.000000,35.000000,35.000000,35.000000,2200,-,NaN,36.310200,36.946500,35.993000,36770.00
06/02/2010,35.250000,35.299999,35.000000,35.000000,35.000000,8300,-,NaN,36.310200,37.171500,36.313000,37800.00
06/01/2010,36.000000,36.000000,35.880001,35.880001,35.880001,43800,-,NaN,36.298800,37.409000,36.538000,37754.00
05/28/2010,36.000000,36.000000,36.000000,36.000000,36.000000,400,-,NaN,36.276200,37.590000,36.750000,36904.00
05/27/2010,36.130001,36.150002,36.000000,36.000000,36.000000,145500,-,NaN,36.251200,37.685000,36.910000,37204.00
05/26/2010,36.000000,36.000000,36.000000,36.000000,36.000000,5000,-,NaN,36.211200,37.747500,37.110000,36594.00
05/25/2010,36.000000,36.500000,35.250000,36.000000,36.000000,5300,-,NaN,36.146200,37.772500,37.310000,36824.00
05/24/2010,36.500000,36.500000,36.250000,36.299999,36.299999,72100,-,NaN,36.086200,37.797500,37.510000,41660.00
05/21/2010,36.799999,36.799999,36.500000,36.750000,36.750000,1900,-,NaN,36.010200,37.807500,37.655000,44370.00
05/20/2010,38.000000,38.000000,37.000000,37.000000,37.000000,126600,-,NaN,35.925200,37.782500,37.765000,44994.00
05/19/2010,37.000000,38.200001,37.000000,38.200001,38.200001,5800,-,NaN,35.845200,37.732500,37.900000,44682.00
05/18/2010,37.000000,37.250000,37.000000,37.250000,37.250000,6000,-,NaN,35.736200,37.598000,38.030000,47264.00
05/17/2010,37.599998,38.000000,37.599998,38.000000,38.000000,4400,-,NaN,35.626200,37.536000,38.280000,48126.00
05/14/2010,37.650002,37.650002,37.500000,37.599998,37.599998,900,-,NaN,35.501200,37.436500,38.430000,49016.00
05/13/2010,38.000000,38.000000,38.000000,38.000000,38.000000,0,-,NaN,35.369600,37.361500,38.460000,49338.00
05/12/2010,38.000000,38.000000,38.000000,38.000000,38.000000,3200,-,NaN,35.224600,37.261500,38.385000,51974.00
05/11/2010,37.750000,38.000000,37.750000,38.000000,38.000000,2200,-,NaN,35.072600,37.124000,38.235000,52492.00
05/10/2010,37.500000,38.250000,37.500000,37.750000,37.750000,41000,-,NaN,34.914600,36.974000,38.085000,52944.00
05/07/2010,37.799999,38.000000,37.500000,37.849998,37.849998,4000,-,NaN,34.754600,36.836500,37.960000,52178.00
05/06/2010,39.000000,39.000000,37.000000,38.349998,38.349998,43500,-,NaN,34.587600,36.679000,37.800000,52154.00
05/05/2010,39.500000,39.750000,39.000000,39.500000,39.500000,83100,-,NaN,34.414600,36.489000,37.565000,51284.00
05/04/2010,39.500000,39.990002,39.000000,39.750000,39.750000,9700,-,NaN,34.218600,36.241500,37.166000,49622.00
05/03/2010,38.500000,39.500000,38.500000,39.500000,39.500000,26600,-,NaN,34.017600,35.981500,36.792000,49822.00
04/30/2010,37.500000,38.000000,37.250000,37.900002,37.900002,130400,-,NaN,33.821600,35.756500,36.443000,49290.00
04/29/2010,36.500000,37.250000,36.500000,37.250000,37.250000,50400,-,NaN,33.657600,35.611500,36.262999,46716.00
04/28/2010,36.500000,36.500000,36.330002,36.500000,36.500000,16800,-,NaN,33.507400,35.474000,36.137999,45708.00
04/27/2010,36.500000,36.500000,36.500000,36.500000,36.500000,1700,-,NaN,33.372200,35.371500,36.012999,45372.00
04/26/2010,36.270000,36.500000,36.270000,36.500000,36.500000,3700,-,NaN,33.237000,35.271500,35.862999,45340.00
04/23/2010,36.250000,36.250000,36.250000,36.250000,36.250000,2700,-,NaN,33.101800,35.184000,35.712999,45466.00
04/22/2010,36.000000,36.000000,35.950001,36.000000,36.000000,16400,-,NaN,32.971800,35.096500,35.557999,47564.00
04/21/2010,35.509998,35.509998,35.509998,35.509998,35.509998,100,-,NaN,32.847800,35.046500,35.412999,47830.00
04/20/2010,36.009998,36.009998,36.009998,36.009998,36.009998,0,-,NaN,32.734600,35.021000,35.316999,48776.00
04/19/2010,36.000000,36.049999,36.000000,36.009998,36.009998,36600,-,NaN,32.624400,34.942000,35.171000,48812.00
04/16/2010,36.099998,36.099998,36.099998,36.099998,36.099998,900,-,NaN,32.509200,34.879000,35.070000,48668.00
04/15/2010,35.450001,36.000000,35.299999,36.000000,36.000000,11700,-,NaN,32.382200,34.811500,34.960000,48754.00
04/14/2010,35.250000,35.750000,35.250000,35.250000,35.250000,35000,-,NaN,32.272200,34.711500,34.810000,48532.00
04/13/2010,35.000000,35.000000,35.000000,35.000000,35.000000,0,-,NaN,32.177200,34.586500,34.730000,47902.00
04/12/2010,34.750000,35.250000,34.750000,35.000000,35.000000,190400,-,NaN,32.089800,34.486500,34.680000,48516.00
04/09/2010,34.549999,34.700001,34.549999,34.700001,34.700001,50500,-,NaN,32.004800,34.361500,34.655000,44916.00
04/08/2010,34.549999,34.549999,34.549999,34.549999,34.549999,0,-,NaN,31.925800,34.251500,34.635000,45446.00
04/07/2010,34.549999,35.000000,34.549999,34.549999,34.549999,51800,-,NaN,31.849800,34.174000,34.680000,45452.00
04/06/2010,35.000000,35.000000,34.549999,34.549999,34.549999,1300,-,NaN,31.783800,34.084000,34.725000,44442.00
04/05/2010,34.500000,35.000000,34.500000,35.000000,35.000000,45500,-,NaN,31.722800,33.944000,34.713000,44420.00
04/01/2010,34.500000,35.000000,34.349998,35.000000,35.000000,59600,-,NaN,31.654800,33.781500,34.688000,43522.00
03/31/2010,34.500000,34.500000,34.250000,34.500000,34.500000,91700,-,NaN,31.589800,33.582500,34.663000,42342.00
03/30/2010,34.500000,34.520000,34.450001,34.450001,34.450001,44000,-,NaN,31.539800,33.395000,34.613000,40896.00
03/29/2010,34.500000,35.000000,34.400002,34.500000,34.500000,205600,-,NaN,31.495800,33.192500,34.443000,40926.00
03/26/2010,35.000000,35.000000,34.750000,34.750000,34.750000,57800,-,NaN,31.460800,32.972500,34.293000,39824.00
03/25/2010,34.750000,35.000000,34.500000,34.500000,34.500000,91000,-,NaN,31.420800,32.722500,34.068000,43194.00
03/24/2010,35.000000,35.000000,35.000000,35.000000,35.000000,1400,-,NaN,31.400800,32.472500,33.868000,41476.00
03/23/2010,34.250000,35.250000,34.250000,35.000000,35.000000,53700,-,NaN,31.370800,32.207500,33.668000,41522.00
03/22/2010,34.750000,34.750000,34.250000,34.430000,34.430000,6000,-,NaN,31.340800,31.942500,33.443000,41092.00
03/19/2010,34.750000,34.750000,34.500000,34.750000,34.750000,1300,-,NaN,31.352200,31.706000,33.175000,41168.00
03/18/2010,34.000000,34.750000,34.000000,34.750000,34.750000,15400,-,NaN,31.357200,31.453500,32.875000,41142.00
03/17/2010,33.000000,34.000000,33.000000,34.000000,34.000000,115000,-,NaN,NaN,31.201000,32.502000,NaN
03/16/2010,32.250000,33.000000,32.250000,32.750000,32.750000,16500,-,NaN,NaN,30.988000,32.177000,NaN
03/15/2010,33.000000,33.500000,32.500000,33.000000,33.000000,247100,-,NaN,NaN,30.837500,31.942000,NaN
03/12/2010,33.000000,33.000000,32.500000,32.500000,32.500000,207600,-,NaN,NaN,30.674500,31.652000,NaN
03/11/2010,33.000000,33.000000,32.500000,32.500000,32.500000,33100,-,NaN,NaN,30.536500,31.377000,NaN
03/10/2010,32.950001,33.000000,32.000000,33.000000,33.000000,111000,-,NaN,NaN,30.399000,31.077000,NaN
03/09/2010,32.000000,32.750000,31.980000,32.750000,32.750000,134900,-,NaN,NaN,30.239000,30.747000,NaN
03/08/2010,31.500000,31.750000,31.500000,31.750000,31.750000,49100,-,NaN,NaN,30.094000,30.442000,NaN
03/05/2010,31.250000,31.750000,31.250000,31.750000,31.750000,48900,-,NaN,NaN,30.031500,30.237000,NaN
03/04/2010,31.000000,31.500000,30.750000,31.020000,31.020000,17000,-,NaN,NaN,29.956500,30.032000,NaN
03/03/2010,30.500000,30.750000,30.500000,30.750000,30.750000,131800,-,NaN,NaN,29.893000,29.900000,NaN
03/02/2010,30.100000,30.400000,30.000000,30.400000,30.400000,29100,-,NaN,NaN,29.880500,29.799000,NaN
03/01/2010,29.750000,30.100000,29.750000,30.100000,30.100000,24800,-,NaN,NaN,29.885500,29.733000,NaN
02/26/2010,29.250000,29.750000,29.250000,29.750000,29.750000,2700,-,NaN,NaN,29.912000,29.697000,NaN
02/25/2010,29.500000,29.700001,29.500000,29.500000,29.500000,2800,-,NaN,NaN,29.962000,29.696000,NaN
02/24/2010,29.700001,29.700001,29.700001,29.700001,29.700001,0,-,NaN,NaN,30.024500,29.721000,NaN
02/23/2010,29.700001,29.700001,29.700001,29.700001,29.700001,0,-,NaN,NaN,30.077000,29.731000,NaN
02/22/2010,29.100000,29.719999,29.100000,29.700001,29.700001,19700,-,NaN,NaN,30.154500,29.746000,NaN
02/19/2010,29.700001,29.700001,29.700001,29.700001,29.700001,0,-,NaN,NaN,30.244500,29.826000,NaN
02/18/2010,29.100000,29.700001,29.100000,29.700001,29.700001,1700,-,NaN,NaN,30.339500,29.881000,NaN
02/17/2010,29.740000,29.740000,29.740000,29.740000,29.740000,0,-,NaN,NaN,30.442000,29.886000,NaN
02/16/2010,29.740000,29.740000,29.740000,29.740000,29.740000,0,-,NaN,NaN,30.555000,29.962000,NaN
02/12/2010,29.740000,29.740000,29.740000,29.740000,29.740000,100,-,NaN,NaN,30.680500,30.038000,NaN
02/11/2010,29.740000,29.740000,29.500000,29.740000,29.740000,10000,-,NaN,NaN,30.831000,30.127000,NaN
02/10/2010,29.400000,29.850000,29.400000,29.750000,29.750000,107600,-,NaN,NaN,30.981500,30.228000,NaN
02/09/2010,29.100000,29.799999,29.100000,29.799999,29.799999,29700,-,NaN,NaN,31.169000,30.328000,NaN
02/08/2010,30.000000,30.000000,29.750000,29.850000,29.850000,47400,-,NaN,NaN,31.354000,30.423000,NaN
02/05/2010,30.480000,30.500000,30.000000,30.500000,30.500000,1800,-,NaN,NaN,31.536500,30.563000,NaN
02/04/2010,30.000000,30.250000,30.000000,30.250000,30.250000,29400,-,NaN,NaN,31.761500,30.663000,NaN
02/03/2010,30.100000,30.100000,29.750000,29.750000,29.750000,5200,-,NaN,NaN,31.999000,30.798000,NaN
02/02/2010,30.500000,30.500000,30.500000,30.500000,30.500000,600,-,NaN,NaN,NaN,30.998000,NaN
02/01/2010,30.250000,30.500000,30.250000,30.500000,30.500000,3500,-,NaN,NaN,NaN,31.148000,NaN
01/29/2010,30.850000,30.850000,30.500000,30.629999,30.629999,30700,-,NaN,NaN,NaN,31.323000,NaN
01/28/2010,31.000000,31.000000,30.750000,30.750000,30.750000,10400,-,NaN,NaN,NaN,31.535000,NaN
01/27/2010,30.549999,31.000000,30.549999,30.750000,30.750000,77000,-,NaN,NaN,NaN,31.735000,NaN
01/26/2010,31.000000,31.000000,30.750000,30.750000,30.750000,300,-,NaN,NaN,NaN,32.010000,NaN
01/25/2010,31.100000,31.250000,31.000000,31.250000,31.250000,1300,-,NaN,NaN,NaN,32.285000,NaN
01/22/2010,31.500000,31.500000,31.500000,31.500000,31.500000,200,-,NaN,NaN,NaN,32.510000,NaN
01/21/2010,31.500000,31.600000,31.500000,31.600000,31.600000,600,-,NaN,NaN,NaN,32.860000,NaN
01/20/2010,31.500000,31.750000,31.500000,31.750000,31.750000,600,-,NaN,NaN,NaN,33.200000,NaN
01/19/2010,32.250000,32.250000,31.750000,32.000000,32.000000,19400,-,NaN,NaN,NaN,NaN,NaN
01/15/2010,32.500000,32.500000,32.250000,32.250000,32.250000,45500,-,NaN,NaN,NaN,NaN,NaN
01/14/2010,32.750000,32.750000,32.750000,32.750000,32.750000,150500,-,NaN,NaN,NaN,NaN,NaN
01/13/2010,33.009998,33.009998,32.500000,32.750000,32.750000,226300,-,NaN,NaN,NaN,NaN,NaN
01/12/2010,33.500000,33.549999,33.500000,33.500000,33.500000,5100,-,NaN,NaN,NaN,NaN,NaN
01/11/2010,33.500000,33.500000,33.500000,33.500000,33.500000,3700,-,NaN,NaN,NaN,NaN,NaN
01/08/2010,34.549999,34.549999,33.500000,33.500000,33.500000,32200,-,NaN,NaN,NaN,NaN,NaN
01/07/2010,35.250000,35.500000,35.000000,35.000000,35.000000,9800,-,NaN,NaN,NaN,NaN,NaN
01/06/2010,35.000000,35.000000,35.000000,35.000000,35.000000,0,-,NaN,NaN,NaN,NaN,NaN
